100
10
41 57 69 92
42 7 71 23
23 34 53 57
9 1 18 96
43 35 75 59
11 3 12 98
11 30 48 33
94 2 94 97
69 48 84 94
83 3 87 98
10
13 10 51 26
73 11 91 94
25 20 47 52
89 2 89 97
70 51 88 61
43 65 77 77
46 13 62 26
73 2 78 97
20 80 56 88
66 4 99 34
10
20 76 55 87
44 29 72 42
92 2 92 97
63 66 96 72
67 1 77 84
59 21 84 60
15 3 32 20
15 27 23 95
53 1 65 96
69 1 78 96
10
11 24 34 60
9 31 26 57
33 3 45 98
17 24 46 76
26 3 31 98
11 11 48 26
63 13 79 97
63 3 81 80
32 3 41 98
31 25 43 84
10
77 8 90 88
63 1 69 96
37 55 74 76
39 2 39 97
56 2 62 97
35 65 63 84
65 24 75 99
32 3 33 98
57 25 57 85
42 48 79 48
10
26 16 48 32
65 22 86 55
30 23 68 61
41 62 65 94
30 22 63 37
55 38 92 57
20 77 51 88
14 65 48 89
34 1 42 96
57 14 71 56
10
33 15 64 54
7 22 20 49
10 29 34 42
30 27 67 52
28 34 51 87
82 3 82 98
59 62 98 85
13 32 49 65
38 73 59 91
7 9 11 76
10
40 58 59 65
12 3 40 37
54 83 72 87
16 34 22 52
14 27 48 39
31 29 66 64
58 15 69 98
16 4 18 99
22 14 52 46
81 1 87 96
10
58 24 75 98
6 56 38 98
62 39 83 65
56 2 60 97
31 69 52 69
52 42 85 79
24 21 60 27
29 3 33 98
11 86 48 91
37 36 64 69
10
4 55 32 75
17 26 32 82
39 15 62 74
18 65 54 91
7 19 35 72
62 32 96 70
75 20 83 30
63 7 77 96
22 21 39 96
85 1 85 96
10
79 95 91 95
15 37 41 94
27 72 56 74
1 53 40 91
6 43 32 60
24 4 43 73
38 30 60 89
59 9 72 12
4 67 43 94
23 1 33 29
10
7 41 28 49
64 62 85 64
6 82 28 84
23 44 57 57
44 80 56 99
22 10 58 16
54 3 60 54
37 74 76 82
17 63 53 74
97 4 97 99
10
15 39 44 61
17 1 53 24
45 57 81 94
15 57 51 97
83 1 93 96
62 45 97 86
75 46 89 67
43 71 79 83
59 29 86 44
62 2 74 97
10
70 1 95 49
6 36 38 52
55 62 82 76
10 8 30 74
56 13 62 97
68 7 71 99
30 69 64 71
60 39 91 83
59 12 85 29
90 4 90 99
10
12 16 31 89
23 3 23 98
28 4 64 46
58 64 90 81
7 21 38 58
44 81 77 98
29 31 42 49
11 66 24 92
74 2 80 97
42 33 62 88
10
73 3 74 98
35 3 49 98
45 51 80 92
44 2 45 97
22 71 24 96
34 8 37 89
12 8 27 85
18 40 23 95
95 2 97 97
78 1 79 96
10
43 51 74 95
39 54 69 87
24 17 41 72
49 14 52 92
6 96 33 97
85 2 93 97
19 11 58 16
10 50 47 83
27 37 36 96
80 62 95 89
10
50 38 61 43
93 1 94 96
22 21 38 79
6 65 32 95
69 37 88 47
10 23 23 98
38 61 60 98
4 46 33 57
44 2 57 83
32 68 56 93
10
50 41 59 95
2 1 5 96
63 85 85 88
18 31 37 52
31 17 67 58
19 56 54 57
6 41 36 83
6 56 32 65
21 34 41 98
30 3 33 98
10
69 58 97 99
12 60 44 93
77 8 92 95
15 70 20 95
50 31 61 74
37 12 69 40
28 27 43 93
52 69 84 88
24 22 57 22
42 43 60 65
10
2 20 23 79
1 34 34 68
55 38 65 97
9 19 41 64
58 1 65 96
62 1 64 96
37 50 56 98
75 60 96 93
62 26 96 28
86 3 96 98
10
87 62 87 80
76 39 94 39
60 45 60 63
90 33 90 51
54 58 72 58
42 21 60 21
47 19 47 37
74 68 92 68
18 50 36 50
24 40 24 58
10
35 2 35 97
68 63 94 92
10 50 27 76
35 1 48 37
51 43 60 54
76 2 85 97
45 10 62 12
3 60 38 69
21 3 32 87
50 46 88 76
10
62 59 92 96
59 14 89 53
73 5 88 79
80 1 86 96
76 6 88 58
84 3 89 42
1 5 32 50
62 10 80 93
33 7 56 64
61 13 98 54
10
63 41 80 50
31 60 45 60
75 26 87 81
24 56 61 88
74 2 74 97
31 24 56 69
48 6 68 75
23 45 56 68
95 35 96 44
28 39 57 65
10
49 6 69 67
47 54 78 84
77 9 93 53
20 4 23 99
59 3 84 58
49 34 84 75
26 3 30 98
76 63 98 90
49 33 74 54
5 54 42 74
10
18 3 43 60
39 25 70 37
44 56 81 58
16 1 18 96
20 49 48 66
49 10 76 51
64 76 95 86
22 42 43 44
9 6 28 75
55 63 82 95
10
32 2 57 61
34 3 47 98
15 32 52 71
27 11 48 68
50 48 86 86
39 13 65 30
75 19 91 78
33 46 71 66
14 46 36 49
4 2 9 97
10
70 5 91 26
53 3 65 98
94 4 98 99
48 41 72 45
39 3 54 24
6 22 35 31
3 48 31 53
36 41 67 54
85 69 97 95
58 1 62 96
10
4 3 12 98
29 50 68 54
26 1 30 96
28 24 53 41
57 14 67 81
65 11 84 84
42 70 62 79
21 53 52 72
43 28 78 63
10 65 39 87
10
59 71 97 75
68 6 98 23
37 3 37 98
23 3 26 98
49 34 88 50
14 18 51 51
23 3 26 98
44 43 65 91
40 26 73 54
52 1 55 96
10
45 25 49 79
25 1 30 96
16 35 44 37
52 57 64 94
5 2 8 97
13 17 27 86
7 16 19 51
38 66 73 87
3 5 11 85
67 4 70 68
10
24 2 24 97
69 80 93 83
81 4 94 99
6 24 12 56
53 29 75 93
39 2 43 97
53 10 72 55
89 3 91 98
81 6 96 99
85 6 94 81
10
47 37 86 56
56 17 82 39
8 52 42 55
31 4 65 40
72 13 90 80
87 1 91 96
60 2 76 6
49 3 56 98
25 55 58 59
73 44 90 46
10
82 4 90 99
5 10 10 43
56 70 93 92
32 12 56 72
39 4 42 99
11 1 14 96
35 49 58 63
24 4 26 99
35 38 49 72
63 51 99 72
10
5 11 10 11
5 1 5 6
5 16 10 16
5 1 10 1
20 1 20 6
25 1 25 6
15 1 15 6
5 6 10 6
10 1 10 6
5 21 10 21
10
55 3 77 29
51 67 89 94
60 27 76 81
31 18 66 54
14 41 37 73
58 6 83 40
92 3 97 98
28 3 29 98
7 22 44 53
40 54 79 87
10
86 60 98 87
23 27 39 75
54 34 90 40
64 15 78 83
42 59 77 83
42 17 65 78
19 1 25 96
12 33 44 44
34 4 34 99
17 90 29 98
10
23 15 39 96
79 47 97 82
76 45 94 82
24 15 44 64
49 4 55 99
23 36 34 46
36 2 42 97
37 11 51 88
46 70 85 97
4 44 41 73
10
59 11 95 49
38 16 41 97
68 12 74 99
38 46 74 70
63 20 91 71
76 34 90 60
35 5 70 34
72 5 98 33
42 58 80 86
77 17 93 30
10
44 4 53 99
42 11 80 34
40 1 43 96
5 41 32 71
87 2 90 97
1 40 23 72
18 1 24 96
53 11 81 61
84 3 84 98
19 59 39 97
10
19 89 48 96
33 15 56 80
73 2 85 71
59 1 79 26
70 4 83 99
41 75 53 84
13 18 37 35
5 35 20 51
17 44 48 92
58 60 96 73
10
26 1 29 96
29 11 38 31
40 53 68 72
16 45 49 59
86 33 97 91
42 4 59 80
60 10 75 77
32 7 39 71
45 52 54 99
21 25 51 50
10
17 25 32 97
37 71 59 92
46 39 63 48
44 1 51 96
5 11 17 94
40 26 75 57
33 24 63 66
28 3 32 98
52 4 64 99
48 35 80 51
10
27 2 60 27
29 42 68 70
30 17 64 22
13 16 36 18
43 3 47 98
64 67 88 95
33 20 54 64
28 24 61 67
9 11 43 39
71 8 90 86
10
64 40 85 44
52 86 68 99
69 22 98 29
23 17 56 43
30 85 67 89
8 71 43 98
54 1 56 96
33 19 70 55
78 1 81 96
12 4 23 78
10
73 9 83 84
84 3 97 98
3 6 19 34
57 32 91 68
5 1 11 96
41 21 78 22
19 3 27 94
59 82 97 85
7 10 20 33
16 65 31 68
10
20 7 42 19
21 77 47 88
5 51 41 81
6 11 26 59
43 6 56 80
55 87 78 93
13 33 33 50
28 73 56 81
89 4 97 99
56 2 57 97
10
93 1 96 96
26 21 53 37
60 53 81 59
2 12 27 30
62 7 94 13
32 22 47 38
60 38 99 69
57 17 69 65
68 17 93 77
19 14 37 43
10
10 1 46 38
2 5 11 86
43 26 55 77
42 43 73 64
53 3 63 98
36 23 69 37
16 2 22 97
36 58 70 61
14 24 35 34
77 27 94 29
10
55 39 86 88
40 35 77 75
41 39 65 74
23 2 37 94
4 6 28 68
62 1 79 88
2 10 32 57
50 26 78 40
61 48 96 83
62 20 83 60
10
23 49 56 80
32 32 61 60
61 40 89 72
52 42 56 77
39 62 75 68
62 60 85 85
58 47 89 93
57 13 91 34
58 38 89 80
41 50 80 76
10
31 3 43 60
6 65 12 94
41 19 71 20
26 15 40 31
21 67 47 94
35 8 38 39
37 35 59 73
31 60 42 66
73 2 80 58
25 2 39 97
10
78 1 94 89
27 57 61 74
37 12 53 97
23 2 23 97
47 54 83 85
2 49 40 82
33 1 33 96
3 38 31 76
8 46 36 74
27 22 62 59
10
86 46 97 55
24 3 30 98
42 25 65 57
48 30 73 32
62 4 68 99
86 3 91 98
32 6 49 89
12 54 34 93
30 51 40 69
70 14 77 98
1
1 100 100 100
8
7 3 10 6
4 12 7 15
10 6 13 9
7 9 10 12
13 3 16 6
4 6 7 9
13 9 16 12
10 12 13 15
10
66 26 90 43
21 7 31 93
55 3 56 98
60 36 80 36
81 4 88 99
23 27 55 46
29 68 55 76
56 10 72 69
55 21 79 40
91 1 91 96
10
81 2 96 97
27 75 65 96
19 10 35 91
31 42 69 52
6 52 15 74
6 1 6 96
36 70 52 91
13 79 47 99
73 3 82 98
14 50 40 86
10
54 30 74 92
7 32 15 46
64 50 92 59
30 39 63 55
68 25 97 73
26 40 65 61
65 24 93 30
13 45 36 98
33 32 63 37
11 1 19 95
10
46 4 46 99
42 10 77 51
40 4 54 99
39 7 59 7
4 42 36 83
15 60 50 62
26 24 63 25
46 33 73 45
53 63 90 98
50 58 84 98
10
51 24 81 33
38 33 61 96
49 27 87 66
70 88 95 94
63 14 78 53
42 39 70 61
18 28 29 86
41 10 62 46
67 3 95 36
31 76 68 83
10
7 4 9 99
62 7 91 24
54 75 77 85
50 38 70 50
43 87 81 90
7 25 45 58
27 22 60 61
67 54 98 82
30 31 67 63
67 4 73 99
10
57 11 85 28
83 4 86 99
25 52 63 86
15 16 50 48
1 24 39 38
55 42 77 84
78 2 80 97
85 2 88 97
20 1 22 96
34 68 65 91
10
26 69 41 71
83 2 93 97
19 49 51 76
67 1 67 96
11 3 33 43
31 9 44 97
72 63 93 90
26 10 53 60
46 1 52 96
69 4 92 56
10
67 3 69 98
27 21 48 47
19 37 22 43
19 54 53 64
63 17 81 70
77 15 99 52
21 16 60 23
59 35 77 82
87 1 91 96
21 15 56 41
10
38 28 40 79
90 1 95 96
85 15 91 79
69 3 78 98
57 65 69 85
74 3 74 98
37 53 49 68
20 42 48 79
65 5 88 48
25 73 43 97
10
71 35 79 40
90 4 96 99
40 59 77 68
39 1 39 96
17 18 49 49
32 2 39 91
36 10 45 47
63 66 88 95
9 44 32 95
32 5 39 71
3
5 1 5 1
2 3 2 4
2 2 4 2
10
59 46 96 50
56 2 68 97
22 77 46 81
52 62 87 71
48 67 86 72
40 1 41 96
40 56 55 77
12 34 31 56
41 75 53 83
47 32 73 43
10
16 6 26 57
31 2 34 97
30 4 41 99
53 29 70 92
50 35 88 39
41 2 44 97
41 1 44 96
29 8 62 8
57 24 85 65
29 4 42 85
10
1 62 38 70
62 3 63 98
18 2 18 97
57 74 96 96
3 22 7 47
56 48 94 51
44 50 75 89
4 9 16 48
20 1 25 96
18 19 46 61
10
70 50 97 99
55 32 55 88
36 10 53 14
45 33 84 38
29 32 63 59
51 30 89 32
81 11 90 34
54 43 90 69
29 26 58 62
55 21 80 81
10
79 1 92 96
12 50 50 53
22 34 39 93
66 24 75 82
20 4 22 99
44 29 60 63
40 61 72 76
26 9 37 95
5 24 40 44
35 37 43 39
10
83 20 96 98
69 75 98 85
19 18 48 44
33 85 60 93
77 55 92 74
76 3 81 98
35 2 38 97
6 17 26 20
63 31 98 54
55 46 80 64
10
77 3 78 98
39 1 59 45
52 26 89 60
33 22 64 40
58 1 66 55
35 51 70 53
64 45 73 67
21 3 33 98
45 48 74 99
38 4 38 99
10
68 49 98 69
3 11 39 31
41 8 60 59
74 15 97 35
15 2 18 97
38 38 76 75
8 40 27 66
22 17 44 55
56 2 77 66
43 13 63 58
10
7 25 44 41
36 3 41 98
77 3 85 98
52 8 60 72
30 88 65 88
6 41 29 76
78 11 79 24
51 3 62 98
73 8 80 45
64 35 90 73
10
44 37 59 79
72 79 89 81
5 90 23 97
64 3 76 96
16 36 41 55
65 14 86 49
47 52 54 77
38 34 60 72
46 21 78 39
58 7 75 67
10
49 78 82 88
85 3 96 98
30 39 48 92
89 3 91 98
20 8 46 15
77 4 82 99
66 71 96 98
12 22 41 25
20 5 34 81
87 31 97 62
10
3 1 7 96
59 1 63 96
52 14 88 38
35 23 74 27
62 35 91 71
11 14 32 85
47 27 64 92
53 14 81 16
63 6 96 44
49 1 54 96
10
28 7 53 56
31 5 60 53
8 78 41 98
12 11 22 74
36 23 73 40
55 55 79 59
44 3 46 58
28 2 30 97
50 6 63 99
61 34 88 82
10
62 78 89 85
21 23 55 28
5 50 22 87
4 80 21 85
55 34 72 82
7 20 28 69
58 32 95 59
75 10 91 97
23 56 42 56
10 37 20 40
10
55 45 79 85
33 41 51 93
40 3 41 98
2 33 25 98
68 79 90 85
44 4 55 99
77 3 82 98
19 9 48 42
25 8 61 10
25 47 54 72
10
63 42 96 64
70 90 84 93
5 10 40 45
4 30 20 67
29 2 42 40
54 34 93 68
24 2 28 97
13 37 38 66
22 13 24 67
2 23 34 65
10
29 66 55 85
16 29 53 45
10 75 42 83
42 26 81 27
30 17 61 19
1 78 26 84
71 13 92 56
3 23 24 72
11 45 11 84
37 52 67 52
10
86 4 93 99
73 2 79 97
42 16 65 58
12 8 21 78
32 2 35 97
2 12 22 53
35 51 43 80
64 64 92 67
89 4 92 99
45 2 53 97
10
68 59 95 98
86 2 98 97
98 20 99 93
24 20 39 66
13 32 35 80
64 15 93 37
65 35 99 67
33 23 67 25
90 4 91 99
74 82 94 95
10
68 94 94 97
15 83 53 96
55 1 72 40
61 24 90 36
53 47 71 96
1 8 14 70
13 52 50 93
41 53 58 89
60 4 67 99
24 45 34 70
10
14 23 27 29
53 29 88 61
47 14 72 73
10 8 37 48
20 2 59 38
88 48 98 85
88 1 97 96
55 7 66 74
51 16 63 27
76 2 87 97
10
75 26 85 78
13 2 36 64
50 5 75 60
18 29 43 68
1 26 12 96
76 34 94 72
54 4 83 55
2 18 34 53
23 38 45 61
34 7 47 91
10
59 44 87 96
71 84 98 96
75 29 94 93
7 46 34 81
83 37 98 37
62 11 88 21
53 3 61 98
31 23 45 35
9 39 22 80
2 30 9 68
10
63 17 86 49
10 39 39 53
9 11 30 77
25 5 39 99
12 12 28 56
20 43 47 75
41 28 53 71
53 29 72 83
30 78 48 90
16 2 18 97
10
30 2 31 97
53 48 73 48
74 34 87 56
11 61 42 65
92 2 92 97
19 15 33 64
1 3 8 98
75 4 79 99
18 30 32 93
10 18 18 50
10
88 1 90 96
18 1 23 96
68 12 97 57
10 10 30 82
56 72 80 97
5 45 43 69
76 13 97 44
16 25 53 35
9 11 43 37
18 23 30 83
10
43 19 43 19
71 55 71 55
78 54 78 54
7 5 7 5
17 63 17 63
2 19 2 19
93 25 93 25
91 41 91 41
35 72 35 72
77 60 77 60
10
1 17 21 68
28 10 65 44
33 21 37 93
80 4 80 99
54 6 89 43
20 27 52 67
42 2 56 68
29 26 46 34
54 44 90 65
55 3 63 37
10
82 29 92 78
2 14 9 30
63 52 87 54
35 53 52 75
62 48 87 75
48 13 72 40
2 1 6 96
75 26 88 94
1 30 28 86
78 2 85 97
10
12 84 26 87
65 16 98 60
45 5 83 38
25 20 59 47
48 42 87 62
43 34 75 47
53 46 76 98
50 20 70 61
40 12 72 20
43 11 56 86
10
48 1 55 96
63 34 97 63
2 50 30 75
27 4 33 99
38 18 72 44
11 64 27 99
35 1 56 55
27 4 34 99
50 3 53 98
53 58 66 70
