50
24
0
2 10 6
0
0
0
2 3 21
0
2 19 20
2 5 23
0
0
0
0
0
2 7 2
0
2 14 18
2 16 9
0
2 4 15
2 11 22
2 12 24
1 13
2 1 17
24
2 23 13
1 5
0
2 14 18
1 6
0
0
2 3 22
2 2 5
0
0
0
2 10 24
0
0
0
2 7 20
2 12 17
0
2 11 8
2 19 9
2 15 1
0
2 16 21
24
2 20 2
1 16
0
1 17
0
1 12
0
2 15 11
1 3
1 12
1 5
0
1 17
2 23 24
1 5
0
0
2 6 10
2 22 9
1 16
2 4 13
1 3
1 7
1 7
25
1 11
1 11
1 11
1 11
1 11
1 11
1 11
1 11
1 11
1 11
0
1 11
1 11
1 11
1 11
1 11
1 11
1 11
1 11
1 11
1 11
1 11
1 11
1 11
1 11
25
1 16
1 5
1 2
1 17
1 15
1 13
0
1 21
1 11
1 1
1 4
1 14
1 7
1 6
1 24
1 25
1 22
1 8
1 9
1 18
1 12
1 23
1 3
1 20
1 19
25
2 23 4
1 3
1 7
0
1 2
1 10
1 11
1 24
1 20
1 9
1 13
1 15
1 12
1 22
1 19
1 4
1 14
1 6
1 18
1 21
1 17
1 8
1 25
1 16
1 5
25
0
0
0
2 6 2
1 3
0
2 13 18
0
2 15 10
2 19 4
0
0
2 5 16
1 17
2 22 14
1 11
0
2 21 23
1 1
2 9 7
1 24
1 8
2 25 12
0
0
25
2 10 15
1 25
2 24 16
1 23
1 9
2 7 5
1 8
1 23
1 23
2 14 13
1 23
2 19 1
1 4
1 11
2 22 3
1 23
1 23
2 21 2
2 18 6
1 23
1 17
1 20
0
1 23
1 23
24
1 2
1 15
1 14
1 7
1 9
1 13
1 8
1 20
1 24
2 12 18
1 17
1 4
1 22
1 21
1 21
1 6
1 19
1 16
1 1
1 23
0
1 11
1 5
1 3
20
0
0
10 11 2 19 7 12 17 20 9 18 1
10 11 2 19 7 12 17 20 9 18 1
10 11 2 19 7 12 17 20 9 18 1
10 11 2 19 7 12 17 20 9 18 1
0
10 11 2 19 7 12 17 20 9 18 1
0
10 11 2 19 7 12 17 20 9 18 1
0
0
10 11 2 19 7 12 17 20 9 18 1
10 11 2 19 7 12 17 20 9 18 1
10 11 2 19 7 12 17 20 9 18 1
10 11 2 19 7 12 17 20 9 18 1
0
0
0
0
50
0
2 19 32
2 40 36
2 31 35
2 14 4
2 1 30
2 10 22
2 33 24
0
0
0
1 47
0
0
2 13 2
0
2 23 3
0
0
0
0
2 25 48
0
2 9 15
0
2 16 50
2 41 34
2 29 7
0
2 18 46
0
2 44 26
0
2 21 39
2 38 28
2 42 12
2 11 6
0
2 43 17
0
0
0
0
0
0
2 20 27
0
2 49 37
0
2 45 5
50
2 28 32
2 3 36
0
2 20 42
0
2 27 18
1 14
0
2 30 2
0
0
2 26 6
2 19 37
1 21
0
0
2 35 12
2 7 14
0
0
0
2 5 4
2 40 39
0
0
0
0
0
0
0
0
2 16 48
0
2 31 1
0
2 11 13
2 50 49
2 29 47
2 46 9
0
0
2 41 38
2 10 34
2 15 45
2 24 22
0
2 8 43
2 25 17
2 33 44
0
48
2 42 46
1 26
0
2 40 13
1 27
2 14 5
1 26
0
2 20 25
1 43
1 22
0
1 12
1 27
2 36 37
1 43
1 29
2 41 28
1 38
1 23
0
0
0
0
1 23
0
0
1 3
0
1 24
1 29
2 17 31
1 24
2 19 45
1 22
1 21
1 21
0
2 2 7
1 12
1 3
1 8
0
2 30 33
1 38
1 8
2 11 35
2 10 16
50
1 32
1 32
1 32
1 32
1 32
1 32
1 32
1 32
1 32
1 32
1 32
1 32
1 32
1 32
1 32
1 32
1 32
1 32
1 32
1 32
1 32
1 32
1 32
1 32
1 32
1 32
1 32
1 32
1 32
1 32
1 32
0
1 32
1 32
1 32
1 32
1 32
1 32
1 32
1 32
1 32
1 32
1 32
1 32
1 32
1 32
1 32
1 32
1 32
1 32
50
1 21
1 11
1 50
1 41
1 39
1 18
1 30
1 48
1 27
1 7
1 17
1 44
1 15
1 9
1 32
1 29
1 16
1 28
1 43
1 24
1 5
1 12
1 22
1 3
1 1
1 42
1 34
1 31
1 8
0
1 4
1 26
1 20
1 23
1 38
1 37
1 25
1 45
1 46
1 49
1 33
1 47
1 2
1 40
1 10
1 14
1 36
1 6
1 19
1 35
50
1 17
1 38
1 19
1 40
1 33
1 4
1 47
0
1 46
1 5
1 26
1 27
1 14
1 18
1 10
1 34
1 13
1 32
1 41
1 43
1 45
1 2
1 11
1 9
1 24
1 31
1 20
2 44 8
1 50
1 25
1 7
1 22
1 1
1 8
1 15
1 39
1 49
1 30
1 37
1 3
1 23
1 6
1 35
1 42
1 12
1 36
1 48
1 21
1 29
1 16
50
2 6 47
0
0
0
1 12
1 2
2 44 3
2 17 41
0
0
2 24 23
0
0
2 9 19
1 39
1 20
1 30
2 13 40
0
0
1 33
2 42 27
2 16 7
2 5 15
0
2 46 34
2 28 26
2 1 43
0
0
1 29
1 35
0
2 31 14
0
2 48 32
2 36 8
1 50
0
0
1 25
2 37 11
2 49 18
0
0
2 38 21
1 45
1 10
1 4
0
50
2 25 49
2 31 12
1 19
2 10 35
1 27
1 27
1 27
1 5
1 46
2 1 18
2 3 28
2 45 37
1 27
1 27
1 48
1 13
1 44
2 42 17
1 27
1 32
2 33 22
2 39 2
1 27
2 40 15
1 23
1 27
0
2 26 7
1 27
1 6
1 47
1 27
2 43 38
2 21 4
2 24 11
1 41
1 27
2 36 9
2 20 16
1 50
1 27
1 14
2 8 30
1 27
1 27
1 27
1 27
1 27
1 29
1 27
50
1 9
1 11
1 23
1 50
2 19 47
1 40
1 34
1 13
1 4
1 21
1 43
1 41
0
1 8
1 3
1 42
1 46
1 29
1 37
1 31
1 1
1 33
1 20
1 26
1 15
1 2
1 36
1 27
1 39
1 22
1 12
1 48
1 28
1 25
1 32
1 38
1 6
1 14
1 16
1 10
1 44
1 45
1 49
1 18
1 13
1 35
1 24
1 30
1 7
1 17
50
10 18 23 14 8 46 45 37 10 50 36
10 44 43 42 49 20 48 29 30 16 21
10 41 33 27 35 4 40 5 1 7 25
10 18 23 14 8 46 45 37 10 50 36
10 18 23 14 8 46 45 37 10 50 36
10 44 43 42 49 20 48 29 30 16 21
10 18 23 14 8 46 45 37 10 50 36
0
10 44 43 42 49 20 48 29 30 16 21
0
10 44 43 42 49 20 48 29 30 16 21
10 44 43 42 49 20 48 29 30 16 21
10 41 33 27 35 4 40 5 1 7 25
0
10 44 43 42 49 20 48 29 30 16 21
10 28 24 13 17 22 19 39 32 3 38
10 41 33 27 35 4 40 5 1 7 25
0
10 41 33 27 35 4 40 5 1 7 25
10 28 24 13 17 22 19 39 32 3 38
10 28 24 13 17 22 19 39 32 3 38
10 41 33 27 35 4 40 5 1 7 25
0
10 41 33 27 35 4 40 5 1 7 25
10 18 23 14 8 46 45 37 10 50 36
10 44 43 42 49 20 48 29 30 16 21
10 18 23 14 8 46 45 37 10 50 36
10 41 33 27 35 4 40 5 1 7 25
10 28 24 13 17 22 19 39 32 3 38
10 28 24 13 17 22 19 39 32 3 38
10 44 43 42 49 20 48 29 30 16 21
10 41 33 27 35 4 40 5 1 7 25
10 18 23 14 8 46 45 37 10 50 36
10 44 43 42 49 20 48 29 30 16 21
10 18 23 14 8 46 45 37 10 50 36
0
0
10 41 33 27 35 4 40 5 1 7 25
10 41 33 27 35 4 40 5 1 7 25
10 18 23 14 8 46 45 37 10 50 36
10 18 23 14 8 46 45 37 10 50 36
10 28 24 13 17 22 19 39 32 3 38
10 28 24 13 17 22 19 39 32 3 38
10 28 24 13 17 22 19 39 32 3 38
0
0
10 44 43 42 49 20 48 29 30 16 21
10 28 24 13 17 22 19 39 32 3 38
10 28 24 13 17 22 19 39 32 3 38
0
5
2 4 5
1 5
1 1
0
0
5
1 5
0
1 5
2 1 5
0
5
2 5 2
0
2 5 4
0
0
5
0
1 1
0
2 1 5
1 1
5
2 5 3
1 1
1 5
0
0
40
1 15
2 17 33
1 13
3 32 8 11
0
1 13
1 20
1 33
0
1 19
0
0
2 7 5
3 18 13 4
1 38
0
0
0
0
0
1 35
1 32
2 11 18
3 4 7 26
1 38
3 3 17 5
2 11 1
0
1 25
3 29 5 24
0
0
0
2 4 39
0
2 17 20
0
0
1 18
1 38
40
3 4 31 12
1 30
0
1 3
0
3 24 37 39
3 32 31 30
4 4 11 31 20
0
0
0
1 27
0
4 7 5 13 20
0
0
0
0
0
1 4
2 9 8
0
1 1
2 3 37
1 4
1 5
1 37
2 20 37
2 13 31
0
0
1 9
2 29 10
1 13
1 32
0
0
2 37 40
0
0
45
0
2 9 42
1 6
2 9 7
2 6 44
0
0
0
0
3 6 11 30
3 39 8 16
2 17 6
3 23 38 21
1 8
3 7 14 11
0
2 6 14
0
0
1 29
1 7
1 39
3 39 17 7
0
0
0
3 22 6 15
0
1 43
0
2 6 7
0
0
2 38 19
1 32
3 42 15 30
1 26
0
0
0
1 22
0
0
1 16
0
41
0
2 6 10
0
0
1 9
1 12
1 16
0
2 31 38
1 4
2 31 4
0
1 17
1 3
2 41 35
0
1 35
1 7
1 26
0
1 40
2 31 40
2 17 22
2 11 23
0
0
2 11 31
2 6 20
2 4 31
2 24 40
1 12
0
1 41
0
0
2 15 17
2 19 16
0
1 31
0
2 38 39
49
0
0
2 18 20
1 20
4 43 45 39 15
0
2 19 30
2 28 36
1 21
1 21
1 28
1 35
0
0
2 45 8
2 21 17
1 2
0
0
1 10
0
3 11 49 45
1 21
3 37 15 26
2 30 3
3 31 37 7
1 41
0
2 11 13
0
1 40
1 8
0
0
0
0
1 32
0
0
0
0
0
1 48
0
0
1 1
3 33 28 31
2 19 21
3 41 15 2
50
0
0
0
3 21 34 27
2 9 10
0
1 18
0
0
0
1 40
2 11 30
1 42
1 45
1 44
1 28
2 10 32
0
2 1 28
0
1 33
0
0
1 18
1 38
1 9
2 33 13
0
2 9 2
2 47 15
2 2 10
1 38
1 30
0
1 21
1 2
4 8 9 14 20
0
1 11
0
3 39 7 26
2 44 31
0
0
0
1 44
0
1 46
1 24
4 29 28 23 30
45
2 33 2
0
0
1 24
0
1 34
0
1 21
1 44
1 9
1 27
1 34
0
1 10
0
1 44
1 2
1 38
2 33 2
0
1 17
2 8 37
3 18 35 10
2 40 7
2 20 15
1 27
0
0
2 37 11
4 33 25 41 37
1 36
1 3
0
0
0
0
0
0
2 12 36
1 9
0
3 8 2 44
2 19 37
0
3 31 1 7
50
0
4 7 45 36 44
0
2 11 40
1 43
1 49
0
2 49 36
0
0
1 41
3 26 32 24
1 24
0
1 21
1 22
1 38
0
1 32
0
0
0
1 37
0
0
0
1 15
0
0
0
1 13
0
2 45 25
0
1 15
3 45 49 24
1 27
0
1 3
0
1 47
0
1 24
0
1 22
0
0
0
0
0
49
1 7
0
0
0
0
0
0
1 2
0
0
0
0
1 3
0
1 6
0
0
0
0
1 6
0
1 32
2 18 21
2 18 19
0
2 40 32
3 13 32 16
1 37
2 6 23
0
0
0
0
0
0
0
0
0
2 35 8
0
0
1 7
2 10 13
3 32 19 2
1 1
3 23 21 19
1 7
1 41
0
44
0
2 23 38
3 37 39 4
2 12 25
0
0
1 12
1 5
0
0
0
0
0
2 25 16
1 26
0
1 22
1 31
1 29
1 25
0
4 40 20 41 29
0
1 11
1 5
0
1 28
1 36
0
1 42
0
1 5
1 28
0
0
0
0
1 10
0
1 35
0
0
0
0
48
0
1 30
0
0
0
0
0
0
3 30 23 33
1 7
1 8
2 1 3
0
1 48
1 21
0
3 30 7 1
0
1 35
1 48
0
0
1 17
2 26 13
0
0
0
0
0
0
2 36 48
2 13 41
0
0
0
0
0
2 8 46
1 5
0
1 30
1 25
1 11
2 40 37
0
2 22 36
0
0
44
1 37
0
1 14
0
0
0
0
0
0
1 27
2 42 10
0
2 35 38
0
0
1 39
0
1 16
3 3 13 43
1 40
2 29 17
2 9 35
1 33
0
1 15
0
1 7
0
0
0
1 30
1 40
0
0
1 2
0
0
1 29
0
0
1 7
0
2 12 16
2 5 17
49
0
0
1 47
0
0
1 20
0
2 20 16
0
0
0
1 17
3 23 9 17
0
2 6 31
1 7
0
1 33
1 3
0
0
1 35
0
1 7
1 20
0
1 30
0
0
1 12
0
2 37 8
0
3 26 3 27
0
0
0
1 24
0
0
1 1
0
0
0
1 33
2 25 14
0
3 24 4 36
1 15
40
3 29 26 3
2 9 24
0
0
0
0
0
0
0
1 24
0
1 23
2 9 24
0
1 10
2 12 3
0
0
0
1 9
1 4
0
0
0
1 33
3 24 4 22
0
2 23 33
0
0
1 28
0
1 29
1 7
0
1 22
1 2
0
0
1 39
47
1 29
1 47
0
3 26 33 30
1 44
0
0
0
1 30
3 30 33 32
0
0
1 41
0
0
2 15 44
1 33
0
1 11
0
1 7
0
0
1 29
0
1 8
1 28
0
2 15 36
0
1 20
0
0
1 21
1 36
0
1 22
0
0
1 10
0
2 24 47
1 32
0
1 46
1 37
0
50
2 9 35
1 21
0
0
1 28
0
0
1 40
1 4
0
2 43 44
1 26
0
3 30 31 46
0
0
1 22
0
0
0
0
0
0
0
0
0
0
1 4
0
1 41
0
0
0
0
1 22
1 17
1 18
1 6
4 19 3 22 13
1 22
0
0
3 18 31 33
2 7 20
0
0
0
2 50 17
0
2 43 7
46
2 39 38
1 42
0
1 38
0
0
0
0
1 7
2 27 26
1 7
0
0
1 6
1 14
1 5
1 6
0
1 29
0
0
2 12 31
1 25
0
0
0
1 41
0
0
1 6
1 35
0
0
1 20
0
1 25
2 6 10
0
0
4 1 3 38 4
0
1 43
0
2 46 14
0
0
44
2 40 37
0
0
1 35
1 37
0
0
0
3 13 29 19
2 31 6
0
0
1 35
2 17 21
2 19 2
0
0
2 39 20
1 37
0
0
0
2 38 5
2 17 30
0
0
0
0
0
0
0
0
1 35
1 2
0
1 5
0
1 34
1 43
0
0
3 21 20 5
0
0
48
0
0
0
0
1 21
1 42
0
0
0
0
0
1 43
0
0
0
1 29
1 34
1 32
0
0
0
0
0
0
1 43
0
0
0
1 8
3 27 46 8
1 8
0
0
0
0
0
0
0
0
0
1 1
1 14
0
0
0
2 38 26
0
0
42
0
2 9 8
1 19
0
0
1 9
2 17 8
0
0
0
0
0
0
0
0
1 42
2 10 38
0
0
0
0
0
0
0
0
0
0
0
2 10 34
0
0
1 12
0
0
0
0
0
0
1 30
0
1 8
0
46
1 4
0
0
2 28 5
1 15
0
0
0
0
0
0
1 31
0
0
0
1 26
0
0
1 17
0
0
0
0
0
2 34 18
0
0
0
1 9
0
0
0
1 26
1 6
1 28
1 21
0
0
1 24
0
0
0
0
0
0
0
46
0
0
0
0
0
0
2 19 35
0
0
0
0
0
0
0
0
0
0
0
0
0
1 29
1 40
0
0
0
1 38
0
0
0
2 35 39
0
0
0
0
1 44
2 10 42
1 45
1 40
1 27
0
1 2
0
0
0
1 6
0
44
0
0
0
0
0
1 42
1 11
1 24
0
0
1 24
0
0
0
0
0
1 12
0
0
1 7
1 18
1 27
0
0
2 21 37
1 2
0
0
0
0
0
0
1 13
1 37
0
0
0
0
1 12
0
0
0
0
0
44
2 5 21
0
0
0
0
0
0
2 38 24
1 14
0
1 17
0
0
0
0
0
0
0
1 20
0
1 17
1 2
0
1 25
1 1
0
0
0
0
0
1 9
2 27 23
0
0
0
0
0
0
0
0
0
0
0
0
42
1 6
0
0
1 33
0
0
0
0
0
1 9
0
2 15 1
0
0
1 5
1 33
0
0
0
0
0
0
0
1 38
1 24
0
0
0
2 10 36
0
0
0
0
0
1 19
0
0
0
0
2 11 8
0
0
