100
3 3
10 1 20 2 25 3
10 2 30 3 20 1
3 5
10 1 6 2 10 1
5 1 3 2 10 1 3 2 5 1
3 5
10 1 6 2 10 1
5 1 6 2 10 1 6 2 5 1
1 1
5000000 10
5000000 100
3 5
10000000000000000 1 6000000000000000 2 10000000000000000 1
5000000000000000 1 3000000000000000 2 10000000000000000 1 3000000000000000 2 5000000000000000 1
3 5
10000000000000000 1 6000000000000000 2 10000000000000000 1
5000000000000000 1 6000000000000000 2 10000000000000000 1 6000000000000000 2 5000000000000000 1
3 4
141755369113144 84 180910458250123 58 374581750365497 84
90297438732724 33 135838079549819 58 145892281624914 33 31435208207657 84
3 11
486047613334070 5 565752965773132 39 552500464535009 34
203681725563775 31 246497930063193 27 191455616900599 39 157320097116742 30 146699622185862 5 52499095449754 24 184406301670490 61 96086880039116 16 185218217065620 18 184098474245115 34 63236222126419 21
3 84
7959103135188298 5 7964311631832892 25 7829451115215109 5
203509870347083 25 203135640961620 25 334990214370380 5 234688801704812 5 292589575953825 5 337855916981623 25 333339443637868 25 331251422411390 25 228045477015083 5 212110101782617 5 346673490536050 5 167093606264920 25 228788140292753 25 245616829408625 5 257913007929807 25 353018684144729 25 297679468782176 5 203498133606456 5 431302200815828 25 360197364487972 25 293675819814334 5 217269953063462 25 275066765832157 5 169230817570598 25 348354519050902 25 308216214555886 5 163670825671476 5 386273590889431 5 365975083673819 25 315791758111879 5 178143491990184 25 351859029056069 25 280381478307863 5 396940964277766 25 318222691847216 25 258005007115409 5 362494005956186 5 361704884153458 25 370382612637137 5 317973135842601 5 304773220190272 5 274055472840735 5 282932048950889 5 215433656525044 25 215149263008075 25 291716056372826 25 277083721069360 25 347530685129498 5 229599964385269 5 266797875922529 5 272573818749147 5 340503112372282 25 252542055291136 5 251071850371777 5 362388863576054 25 244548035579592 5 259764248413313 25 245833991676974 25 256947956304760 5 202731895844375 25 195079087008529 5 240703134701213 25 270312806098114 25 296305028601253 5 182161310981910 25 191872113542938 5 315481897116025 5 290219164681312 25 347083714986205 25 322543768173391 25 309350866003776 5 246262047630070 25 250361025480489 25 234492800239967 5 173074985215622 25 279579860803010 5 315060772140721 5 461506476839712 5 285997967346975 5 324783623814416 5 266710186224780 5 206932605243405 25 398892454275464 5 236341301775347 5
3 59
5763357562222938 69 5656875432796124 74 5699465122091553 74
242833248393917 81 303724562619333 81 278911655130019 69 337994914661590 74 275876743274391 69 326600996086003 81 204462948155465 74 311075279641114 28 266751419872430 28 235969077671937 69 183102060007255 69 297316496904812 81 258850627802071 81 273151364538004 74 352394629048330 81 246771471710673 74 281097199880604 81 207839333707702 74 295200332754048 74 255861906390095 28 263855390333230 74 290073817655625 13 297117716223540 81 307125586956910 81 290704655797335 13 299693263517192 74 260992329759132 13 333319448040895 13 231805167041852 69 242103946738943 69 291872872328573 28 342189343958553 28 323204820133320 69 352953338395356 74 311770717101972 81 274154171709415 69 222277652910020 13 249953750046892 28 295004562622283 74 306353383210716 28 264835386389600 69 313491922445717 28 218694586101969 74 307330155445300 81 223776728255119 69 307311314473151 81 339498356257366 69 324551130879146 74 240538908175034 13 238383468944596 74 328039900233659 69 386848309927602 69 273984011807669 74 231645618769669 69 291541355646191 74 309545765624519 74 244190817107094 74 359535068526986 69 280881424346658 81
3 49
183429769010651 48 253534201582743 84 228287199354915 11
1 60 31708800641536 37 1 84 23802815932913 41 1 30 3186144798387 47 22596662603681 21 37981768797557 34 6616171996068 59 75226110810912 38 1 82 36775722991148 35 1 80 64167273850193 76 1 48 1 91 63057639832925 3 1 49 1 88 1 11 1 63 1 32 101420769647787 19 29043777409080 76 26635287642548 32 42459016137372 63 17017911624784 82 25630628853743 60 18250068234314 35 1 84 1 30 38115932090771 21 50921360550077 11 66302093624781 19 59800448074787 80 38453423056407 88 30709120997803 37 16503707193149 41 181903283441 49 28941667522715 3 1 47 1 59 35214263694989 38 1 34 1 91 26899877256222 48 1 3 1 34 2753652948970 38
3 51
143170065286966 42 234418174083896 12 285922732754218 42
72934950104245 42 1 42 189112111133498 42 67060813387296 12 1 42 1 42 1 42 1 12 1 12 7638300205472 12 64803945904930 12 1 12 1 12 18164815751567 42 1 42 109068299564980 42 1 42 1 42 1 42 1 42 1 42 233307778069815 12 1 12 1 12 81177040593175 42 97814027985723 42 115491912049800 42 22892092277310 42 70808577688061 12 115784462334429 12 1 42 1 42 31417860192736 42 112021127085412 42 76544933423415 42 1 42 1 12 72772271409310 42 111705985224436 42 44062213176591 42 1 42 1 12 1 12 82108556528083 12 1 42 51739894427146 42 1 12 1 42 1 42 15452609481912 12 1 42
3 33
1503565790238542 92 1534141109208889 2 1543657169491978 77
148818736351159 2 158437200154935 25 145773491657842 92 145641408721455 92 142868237603348 2 154111018587231 92 152275924438298 2 131453303366532 77 142750689022319 33 123264002932176 25 151625307875240 2 159248069918627 2 133112064948285 33 150543979338730 2 144993043341680 2 153955901144846 92 125662156844577 92 152459012892708 92 114017970780131 25 119495507025408 77 187033121277995 92 148071073590743 2 160926934346948 77 146778400200181 33 111853523328521 92 153174157827225 2 125984748745261 2 187024069446776 77 129835137401984 2 162523294268075 25 112909377820088 92 126193473554958 2 143869320036123 25
3 90
5168654033369969 93 5169434338059886 55 5170161285380825 33
170499200550476 33 176086181887793 31 173829493687535 59 171152019207273 25 172539323832894 37 168230137383953 38 169766977997401 36 166614164965145 74 171755830819594 45 175494760539196 50 171349563284912 23 168983068203310 19 170541431078848 26 173342410281702 71 171636727844218 96 170575233591649 1 169683281572088 62 168755430571810 64 175328273739039 17 167909953084686 83 169494146898957 8 174735581961690 55 168128127480407 89 171609491867496 60 167716069716327 3 178239491959324 7 180315331461523 93 170446942352402 70 172654400608802 46 172913842469553 11 169994785519144 6 177016876130258 95 172674004890953 73 173620294043922 9 170559189673784 44 171376812933527 86 181405680518945 82 163512042721519 24 173271027528114 77 169624261329713 14 171502107774640 29 170274669338535 81 172577716655583 13 171742347733790 78 170639418942851 38 172780993576071 55 176079378872206 78 169614781109980 81 170846789161981 93 176898389280246 45 176154034060480 1 171734125863429 64 171333010899605 7 174848451201919 50 171833843050795 44 172075945920544 77 173873014977622 19 176409859538365 25 170400204261385 96 170212391185902 24 169643864865003 9 173701516421182 23 173903179603264 3 173119984190244 95 176033997408283 62 178265339445637 59 173704801758431 17 171091170628073 6 167095254839395 26 171785873070249 74 177118470887647 46 174365655593931 8 176195722568406 29 173777225581441 33 169754598489845 70 172555472973436 89 170834155212893 71 171908904107172 37 173416676611738 11 172084922422317 14 168931056066532 31 174205900398889 36 164798765287616 60 171009997663774 13 172702513883650 86 166547933237160 83 167432006587358 73 167402355088702 82 172094967262155 19 167204323445092 29
3 28
650944655130055 54 652666136463028 74 649627313021757 54
68663204307943 74 69614078900363 54 70165037600592 54 70737760833957 54 69456014691872 54 71833846124481 54 70936924416148 54 71224173974428 54 70661158972315 54 69784205550794 54 68745890900986 54 69956932986393 54 68439969180316 54 69940078567652 74 70467494634856 54 71214078764522 54 71716670992142 54 72777589814684 74 71351364399667 74 68118528149931 54 70265310190031 54 70285754258827 54 69812615817658 54 71752405044424 54 68215101049474 74 70317066934499 54 68624737098427 54 70923825797579 74
3 71
197831086537802 75 108327700477843 75 150894012430297 14
48060766059032 82 1 82 147582104175365 82 1 75 5888705292003 14 1 82 78468341181289 75 1 14 1 82 38423802230962 38 1 82 125830832595299 82 1 82 796088340810 14 110852085213146 38 7024068228099 38 52798854372116 38 96110387571682 75 1 14 28815134531125 38 55800281799615 64 64546604411238 82 1 82 1 38 46986811951941 75 35990057532059 75 24362936051752 75 9927402750637 14 1 82 1 14 78649456609301 75 143487756597320 14 70986487012826 75 1 82 15066616880944 82 1 38 1 82 1 14 1 82 1 14 119070181990277 75 26175518519009 75 24306998376226 82 1 75 1 38 79822191677864 82 6786326957185 75 1 75 1 14 24350761222538 38 36402593185892 82 1 82 22783062191925 75 1 14 1 38 1 75 1 64 12762865457388 82 46462668656314 82 1 82 1 75 1 38 80050512583925 82 1 14 1 82 1 38 126571458163433 14 26525614345293 75 38934236844977 82 1 38 1 82
3 98
3954345204291078 98 4060421893132414 93 4110879498173097 64
41465633374416 68 1 98 35986406657803 18 71548217157993 25 323631153855483 93 115107784294200 64 40196727473427 52 98297729169992 25 52847429745305 68 187293499742953 64 128856102710759 18 87224205969296 98 159987998089186 52 1 93 135236297376864 93 141019339433984 25 98637503667586 18 267171900388143 52 230646266445954 64 126451311812794 98 54397035654549 68 147182406586468 18 112669964579226 93 233712245740625 52 205020017948194 98 119794113671511 64 51776354315257 25 203108594290914 68 126698230367569 93 138543034329562 98 182003936150959 52 76693459576284 25 210855530855205 18 172881353738496 64 230840956302579 68 1 18 1 52 203714093648695 93 26966821745429 98 130914897704925 64 77899275111050 68 205929287811037 25 208507106847860 64 1 68 205726246928596 52 225520212619818 93 186171116002843 98 15374304579863 25 158277706242593 18 359318441210071 68 97585397307564 98 253860342280214 52 101282065380716 18 111336802021726 93 124802606469767 25 86126914278758 64 177645128239992 68 247422038370016 18 63902771511268 64 6182387168515 25 191671029710749 52 166273566040331 93 148822648491250 98 115802182649152 18 84750565481056 64 57270508281508 98 22489986888573 93 353499145896744 25 158054685703702 68 190610110492874 52 169808852146826 68 27980082361271 52 146910840556825 98 160879149099997 64 176221153805635 93 142836718389467 25 186695962568851 18 154325709142925 25 78225923407212 68 167114809033486 98 220109999481013 64 238105938076682 18 244428431793596 93 96262285275509 52 207261340959147 64 259624786999780 18 218645455538624 52 133581636070436 98 230780500544534 25 8810604295606 93 236452108736554 68 93783347595057 68 96178606880709 18 163111054274152 64 204715631906776 98 183145095708143 93 207918713701533 52 19725762792573 25
3 69
2537681105940461 74 2597905486865217 84 2622299162420279 74
206556212820542 84 105200623761731 84 140467113683491 84 11179085139325 84 162863310814513 74 14534512630082 84 144762317574163 74 130764273346849 74 246806219212520 74 136269607292962 74 213092723782103 74 26779100752934 84 171340440506617 84 178936366366297 74 97528344030774 84 291506299203573 84 111037419936537 84 154050690855145 74 70497076495147 84 112027589197464 74 1 74 1 74 23272714075286 84 166506136152303 74 173894079098241 84 280530129670697 84 53669113171030 74 95864836460668 74 1 74 45540934852678 74 209625502651220 74 87399954511801 74 117459013102329 74 178475305957624 74 1 84 116947460747618 74 282239819029790 74 145383945184258 84 27735184392762 84 39049630115036 84 102869309092227 84 33676100594321 74 1 74 1 74 74255711308374 74 154389005028573 74 1 74 194167697558899 74 130082901049068 74 233644979392587 84 144033706816556 74 14291619094068 84 129780273924866 74 97523217700307 74 229019078899727 74 221045891240624 74 100649416348459 74 212256785045856 74 81734409269081 74 1 84 229886715349385 74 33818650530225 84 164802784028679 74 260009371895201 74 207287048637513 84 2712514758024 74 123194734769747 74 7512201487586 74 91823639474952 84
3 42
2910975071101034 28 2899971638469472 56 2928214401980874 28
199893926422534 91 188515488789463 91 186568802027214 56 186244035099734 91 189606927931704 91 185076283553694 73 184655979622811 56 231540571716897 11 179422594620904 11 184950943000656 28 192187797882113 56 215172168767883 11 221104236976905 11 170442267611877 91 240188820083202 28 237923863117015 56 206828811112618 11 205467771669210 11 202026309603403 28 227106784462345 28 211516465875107 56 187000382720481 56 188800083241875 91 239938307106529 91 171785200407566 11 188588514134893 56 198222789026374 11 182677942251191 91 216666231112897 91 174162389417867 91 196295341089022 56 218605840696555 11 216861683664958 28 210659240095405 73 188853118339291 28 211446103423421 91 272259798665046 91 228121129101627 56 174260996610644 91 206773425667542 11 204080756455276 28 237433257345423 11
3 25
2318681454067191 31 2348643849983000 21 2286433964553830 87
329486743076105 5 280223016143492 59 212009470577283 62 117679259060920 19 250861054212865 40 255328744759163 56 251496535392189 60 219570304692018 94 301543471071213 34 373481291587694 44 257717504709474 73 336212845919846 45 210044907121420 67 230600653792409 66 316859565531649 31 187962339373222 3 281785090879505 87 339013007144197 50 308804938561048 30 203186530368979 64 276768668552659 71 68632387776414 82 285679254460375 54 427195516422979 72 297899251758944 13
3 46
2878688760531596 34 2869495973862316 87 2833913817713663 34
203746715141694 87 187407289965020 87 56176345169511 87 184150127136079 34 197858523129146 87 174745974841914 87 232742225643362 34 210515402063372 87 218556932511049 87 173103734489182 87 175832704442587 87 117276649877946 87 218598687736712 87 239160043935264 87 148529830002103 34 136640366542748 34 180927558416546 87 245332204495721 87 166463551966171 87 184667409780926 87 160799564125036 34 208874540016422 87 210187588321799 34 189722483917932 87 159843715133240 87 220979607723671 87 132601375775379 34 217717695901626 87 103139373327076 87 211981277342215 34 265650751623300 87 222094426328167 34 227546093215255 87 141308171724618 87 257904156122738 87 170177438440274 34 219937819297680 87 192187957641864 87 128766801237906 34 289680802705165 87 128241970117061 87 148443370784116 34 318107723632683 87 186304274490832 87 207901244320795 34 279789691962956 87
3 96
5414465659494245 86 5376399582929251 91 5375311110095590 28
241404590527092 28 188083234807080 28 193033341929496 28 177593872548423 54 188264432131872 18 100774593646417 28 182121556956998 28 239581790305098 54 200573096499052 91 231236670646960 86 165205476255170 86 157866033079253 18 163627432753535 91 165098636794146 86 105079422168104 28 107377967558570 18 187793904378629 86 172546396229162 86 125240522087612 28 209064233314732 86 245135318214667 86 153071112474656 54 188600444737131 28 152322277730905 28 190530411909048 86 237767849525104 86 209079058692465 18 130637100282358 86 164356686523086 86 93309449959673 54 225252422032820 86 167433917199279 86 187922803424863 28 260591131055995 86 152668056857213 28 160107161663640 91 169647536311482 91 175392997626483 86 145815464357569 91 214346806937211 18 157358676803682 86 151791683433136 86 121759581701927 91 193263074699336 54 117859720617677 18 171973135039337 86 168581231635107 54 179600392448287 86 146510037795877 86 150687825159908 54 171032494496898 28 149093724695695 86 118556358683027 86 159898055188322 28 70433389889772 18 204541363228168 28 175110792850681 54 143746968301741 86 145570442873242 91 211299081028106 28 115657883874079 91 132573980965613 86 187100639015372 54 200650840411593 86 108589644369287 86 208324962317744 54 122659097113146 86 158170549714661 54 97714086192037 86 86307295641558 86 155162375482200 54 118936162714743 86 174543298474406 54 101906033664351 86 118628022446157 86 175478050317079 28 129067484287109 54 216739613976910 54 184274319811057 54 178764798106580 86 187698515468259 86 148197432089675 86 155994366999918 86 157212127945733 54 211592016463830 86 248365769719778 86 153841073146685 86 138882352608384 18 173673286830790 28 188627871829965 54 167397551312641 86 225430369046991 54 190272694661077 86 120929636409129 28 227442571816982 18 165850280354147 54
3 24
1944002939857040 18 2036329339873895 43 2012494578949051 37
257082928495766 40 235880012642390 39 246248646385035 16 266763440151883 54 224019748336449 72 240371496083314 64 253100117489163 28 272672971101734 44 282758505879337 77 229669046965005 22 231797206554655 30 225150170137650 1 211474972241427 60 228258895114329 78 230127937545319 58 261434211335653 3 176945456642659 74 209940634226471 69 198711088095191 24 215302571027948 31 243311329470274 73 222537832210285 21 285594642025933 63 151333525530803 81
3 31
2435769581695942 80 2416488796149293 55 2761505532825902 80
260890556543923 80 262644022756375 80 331857917417468 80 330281086571882 55 302372752700282 80 244080769423429 80 306018660458561 80 227078127225379 80 301278162434366 80 264909078801362 80 236630110432122 80 313040753759462 80 189638239078808 80 214935756562107 80 316047420352986 80 225046774509241 80 91115551782158 80 290483450269996 80 223778357823202 80 279452803206457 80 244002305710778 80 252022165514547 80 278063789188238 80 348077068233807 80 215507873765355 55 186931137589998 80 68556253478047 80 205047308640548 80 130845431627437 80 236240614482557 55 262388288922405 80
3 75
7771988245238332 84 7416474179780002 39 7499932638849376 32
462480500837288 84 291040115340502 50 202028645256579 39 231067029096913 39 341634866377212 84 488242910492826 4 288684876509955 84 130754034254489 32 256442709420320 4 480901506723285 4 258601349111538 39 470089577415448 84 446684527946368 4 198993789593222 4 1 39 326520520711583 39 215864167557544 4 156181367105979 39 113150183276845 84 283922660261795 4 535631990622694 32 494866798301407 4 400750544509533 39 111616957495147 4 265935396444420 84 336316332194072 84 180706075819480 84 438413135963082 84 376801246767445 84 176829040623595 84 198709882300360 4 314895234348820 39 56986426086218 32 416342038608861 84 296245725803191 84 335574064319631 4 287834054796623 4 259669498447774 4 76343673432138 84 226365573067833 50 269873324060469 84 160251676518540 84 327714831343189 39 268338309048424 4 428654658192962 4 258600283531026 84 401655981089639 4 215982981834129 4 326013279221269 4 183575163546778 39 337981301617589 39 280069929683770 4 403444183417452 50 179637386224887 4 266379502627849 84 279860074574172 84 318297860531691 84 238207430345407 84 431766985087587 39 168326284916578 84 283045196065594 32 333256578476896 4 205184676924900 39 146341114990374 4 256095865711254 39 280090790575833 84 60221117990944 84 439982757213990 4 210928457236522 39 124399440212475 84 306265978883579 50 271588606510801 4 424332941351011 4 232548758140640 32 285502888312986 84
3 72
6969815960958090 7 6912782146531061 87 6981911885702041 9
284564467147785 26 298715411358159 40 304841893315899 61 287579183313634 51 274865225223643 36 234703481405622 43 269128917392999 94 357333402402418 71 275532004756531 100 310377784569733 48 208338420462382 85 385652453630680 77 224856848295339 60 317617132180807 29 307356178082256 18 269939365285370 57 412090698679169 16 314419890897486 63 317060250189793 8 429403730740253 88 344669881696151 86 300904227052215 21 208013687918714 15 268815106706455 42 104359090410187 4 263661457519351 31 310924150841509 90 274354417131655 14 460852226587339 9 210645792252694 89 279611091882048 92 280013830672272 49 341502531178557 80 234391917709410 91 252140192326401 58 298351517140730 27 273338282495277 20 457872120194252 56 259969001567454 96 335524012886743 68 362224299554617 1 322830581674207 81 259205480007775 73 460504003156345 79 193409880971445 11 320050098172316 53 269762048108511 7 376832782465750 97 315245096890948 30 263255765953433 46 292319992071438 34 361603750285295 12 188968620007346 59 210283574412495 83 475717634015175 19 277620798740453 6 333472569383089 10 443664406906746 66 182613343489601 78 313117669124045 23 332171105637915 98 301436798347442 70 303738180550940 84 356163874521962 47 516059749226465 65 224306587311689 69 191451071309867 22 227230696746889 74 133303775545976 28 282750282599109 82 299825319899100 54 287611839292599 52
3 35
747529402812842 57 760556626330674 45 728663453012862 57
13598501785997 57 17982227895507 57 74562414372177 45 50159954153357 57 79104786275254 57 33832622664271 57 48761873464163 57 42529874354184 57 73764337748477 57 60212542183145 57 66418366615847 57 104080308312737 57 37335002026368 57 87099086879028 57 63489684615362 57 92111211398499 57 67342131703451 57 57579051283677 57 50989510302474 57 79699703713632 45 29861703405638 57 104992680038451 57 139257941133881 57 34059097070248 57 74371972665771 57 90848975385950 57 80119945891691 57 44824457919623 57 37150180967741 57 31455039666820 57 127595742084187 57 55948695502142 57 8425762820880 57 23870766170666 45 62818599686507 57
3 31
2114290431693086 41 2184269389609612 41 2336690098015165 11
140311178063461 41 178568170562952 18 279199091003485 11 178666093826178 67 307660752294000 41 215440902025130 18 137947732776154 64 141832399913198 41 162185334507298 18 213542287410305 41 146853821099164 11 225952381575286 64 185202069053732 67 227055709225842 67 206863279113740 11 290716979169233 41 226888631524737 41 243318160655119 41 150036476807569 67 323758386581553 67 180747252177223 67 267730879418903 11 166507549111653 64 229232873545225 18 194230688440925 11 221496251707618 67 300862649963959 18 276945730678987 11 169484699655094 41 205137523718653 11 219441996872976 18
3 29
971664886451072 72 922736887445582 15 912643108101672 73
69553745887308 80 92507862751582 67 155186224323889 82 154869120842686 22 153293720203458 15 31150597792114 48 149447715316144 43 120569638973942 76 27407264435553 89 121020800497884 46 88420284749507 34 22298990875775 68 21040777215924 6 68797109249922 69 104349092545902 79 158564501686368 14 102815389402158 55 59962458009597 25 55346252469942 77 101087167671885 5 54584556541677 90 118542202705027 99 122532968772505 38 101921201930453 85 64303088682121 30 98844548544809 17 112401521994684 94 98673117646085 60 148395205270551 26
3 72
328782928948354 65 332347699002053 26 321116168329078 65
24337053489397 65 9223119238540 65 6803843418265 65 1 65 19454648993806 65 18359429485141 65 12965429229048 65 15584506381726 65 11175032406577 65 22427193612083 65 10270612046245 26 12971101650450 65 12408179627458 65 7613950212618 26 13470964008655 65 14442427497392 65 27433723361937 65 115555823312 65 25812142209362 65 9992953978537 65 22030267132886 26 28588307602938 65 323433053734 65 23861220934123 26 11944516589967 65 11708758349851 65 3081407243476 65 11152976106184 65 20133089026736 65 6440013390107 65 17951175734370 65 21014500281044 65 5173479056911 65 23308968088366 26 9620127383293 65 21934680754951 65 18636912452669 65 8099644767139 65 15645067217901 65 27390633053318 65 4710042749704 65 26228304173840 65 1599531076207 65 21226925612653 65 18101403088143 65 17021730588046 65 17974665937780 65 19755727135532 65 868597002946 65 7235324884141 65 10157029502270 65 10376963031574 65 17029654529699 65 24921023148953 65 12138369604504 65 6155478774847 65 16851573336859 65 21820418928339 65 2496376042684 65 22473308675483 65 17714447850360 65 25376284198420 65 26738265622521 26 23370938086686 65 8213495865618 65 26303201100665 26 8578790908767 26 12604502489892 65 6349566647472 26 6560752637928 65 24185141631939 26 18063818518106 65
3 15
1204606425497618 61 1343811987987555 26 1436462537373131 61
176674281418132 62 244015155903569 27 481250780799660 48 353236670916387 27 298753321820884 27 358284704712741 62 187490939417466 61 277542033068478 61 236858092267574 61 305950343017461 26 251779646792981 62 254660613810992 26 462885054148226 62 269219581647732 62 216769086229499 62
3 53
3873760379239238 98 3885874951932137 79 3880515038393337 89
228175098595174 79 238493631477105 64 221399329387145 94 226808155042050 9 215132365601544 56 211440004968193 38 198295004948331 36 237640505248074 20 207816181496248 30 228333398329418 83 210884742167836 87 184468699167884 47 218990347074240 77 229775893475277 98 214110932056155 86 215317594698174 68 220114906444650 6 232325951417033 35 251128202407321 84 219851643457037 25 218599157668766 2 233620812457308 80 226102005051612 66 201911113243664 57 209688144312151 99 243309655597929 82 223910621182321 78 238224587179351 48 203501149679789 69 224608078210903 60 224107397533798 54 202972847742146 5 201212557524848 85 235893773157860 19 220696886392567 74 250974933148996 97 216765623247621 63 230160618158171 26 216344123411936 44 199219203505523 42 231468529145811 95 236296255118029 12 221830544160158 10 216676338144737 51 225309941583589 81 227216985082629 21 202194705046851 70 223608637192667 29 213050910332557 65 225647447524385 22 204395934109081 96 220923178435837 92 214340253176131 50
3 27
7503563983407 56 71803729425330 49 189052592829154 56
1 56 1 56 93059504597978 56 1 56 144667138975200 49 60670056319590 56 1 56 1 56 1 56 68679020898737 56 120764373507194 56 9822134962336 56 1 56 1 56 92169025563292 56 1 56 1 56 30975956230966 56 32342003201488 56 160141237791292 56 1 56 1 56 1 56 96772166754865 56 1 56 86183254749146 49 176389516932270 56
3 93
749449398426498 48 746479885148005 92 747164887043949 38
27702330578282 48 28231844861369 38 24135650746877 89 23426098655974 48 22721445919102 92 25049765267556 48 25539922820552 92 21852077732072 92 20666816875784 89 25218504399717 92 27016362323962 90 30958338501088 48 24791657686795 92 26780907745145 92 24394275205970 92 24678880796266 92 22443747268281 90 22049630938739 89 28367476923223 92 21997319656255 92 26465849687367 90 24117763332276 92 18627142629386 90 26120684976069 92 23253435784441 90 24926089144380 92 23788157797729 90 20666989990761 92 21134805064350 48 29916153158637 90 23744659415129 92 23761613610305 90 25814803233171 90 23317305493879 38 26077608626360 92 22946540987900 38 21984398886478 90 20788110944350 38 22533076723656 90 23311715475913 92 24746872645647 90 25284720678839 90 24759294916081 38 23271802439178 89 22967509205578 92 24264468654987 92 23549023260142 48 22426173058859 90 26444686278460 90 26701088048109 38 23143950974141 48 22793902353785 89 22244321008009 89 23131179186733 89 24692004081433 92 22979389010695 92 22633067157223 90 25206354672266 48 26923403781191 38 21248514213156 90 25045200669304 92 22409418138184 90 20617998631634 90 20303943918386 92 23431518736780 92 26454047865662 90 20765932823385 89 25563286253602 90 19000466498401 92 23372519628310 89 22589151669153 90 29572291150856 92 19679506023079 89 29786648708341 92 23512771103859 90 26635788608960 89 22556285250606 89 29598857708363 38 23316904555189 89 22467226447948 89 27467126489871 92 22868494025882 92 20950515013197 92 24217675786746 92 28919847619572 89 23181717368283 38 26364296906498 92 22829613807195 38 21912848105198 89 27086442518731 92 25090901617424 92 18407289052109 90 20835901147780 90
3 85
1102865782730780 27 936086004360416 6 949956337330646 9
69575724609498 17 25212581135344 66 83910102409789 20 1 39 1 46 56809540230537 80 2433021168579 28 1 81 107725367368640 65 34059886483644 5 95283892530036 6 1 73 29901478735841 32 15279436687458 53 24783392846891 10 22591295742386 34 1 1 67491523134988 49 1 64 1 71 1 91 88398121594866 70 76882005973105 89 86140678307284 3 85050815619622 69 56955258556510 42 131873056899356 77 1 98 1 30 100303578996320 35 45751769514409 92 8673800313519 18 128038037982638 63 14066184691832 27 1 40 1 44 55255681654247 29 33035026573060 52 113498643610657 57 1 75 178791431541896 78 45770143863444 24 95826426231234 50 43163341774745 54 61142596927677 48 1434997277435 86 53427813959492 21 61041821314125 23 2854015911961 33 1 97 37808243048084 45 52538869824949 4 96691773180245 16 93260421103646 31 1 14 16361489313778 41 32238401921294 15 102036171448692 60 139624792300790 95 22936856456611 90 1 55 30710171245283 25 77023077915206 96 1 2 9475619722399 74 42608077026067 13 18419757176854 56 80660412163094 72 120077591362609 9 129575082007109 59 1 36 4260050397777 67 31375751497003 37 3755537513825 93 26769917717659 88 1 87 1 7 2581334087453 61 1 51 1 100 1 40 22231797803821 69 1 77 1 14 78518206321297 61
3 76
5582305551654876 9 5762888707908438 25 5863072606270194 9
113565987908005 25 367366044836424 9 235981475554578 9 178584485155733 9 233561682212845 25 282311484807634 9 310212625736098 9 316192742875134 9 125456447682709 9 396420504437289 25 93058933938272 25 98244593885353 9 379650219563143 25 13053194015060 25 129158543300248 25 70022395293786 25 169109863043074 9 78884452899366 9 117952621738312 9 272833005466907 25 184006197859688 25 111621546122425 9 227954285147732 25 198485764063235 9 321108184423474 25 208417542175095 25 137150805529164 25 267637144514944 25 335831568800545 25 52947798329336 25 60823600211012 25 382915234309324 9 188162240617765 9 267316402836881 9 326912107953136 25 262703693750931 9 223317097451686 9 380657420207672 25 313463023688178 9 303849761536818 25 197398498759242 25 264708420510139 25 167635946399252 9 418486232907868 25 268918765623603 25 160721531384478 25 254036715677981 25 362036390566399 25 214559282288718 9 110767290409645 25 230414685331876 9 248246386984818 9 228391612692315 9 164313806859856 9 291796061683930 9 291176258668837 25 262191422723000 25 169981718839954 9 170286449632783 9 100673179308000 9 353375300800069 25 302656919452563 9 82948073809146 9 378073866133611 25 222009945957089 25 493050521140098 25 158447725499371 25 35349800936224 25 154252994465047 9 287873203335291 9 174703702021588 9 220786780577551 9 461921992856457 25 204088628775807 9 82045049901091 25 210849496430129 9
3 7
241918392210222 40 281257815191978 7 1 39
36918192635432 55 1 40 211342133890308 40 1 7 1 38 151730217530033 55 23054436882304 39
3 57
23580039456983 69 46282088708292 49 21024102660283 95
23370308603673 42 6931898040717 31 1 95 1 25 5452940514229 60 1 43 39661750800825 12 9331962530023 93 49652782061204 13 1 5 1 22 1 11 25418487907793 9 25713443180451 41 19879149718196 65 71499982099586 8 27730120392300 72 1 23 6153500946056 69 37858601082806 74 1 45 1 79 8710729360126 20 3639338660507 54 9983505627634 47 1 2 486903884719 14 13621978577597 94 54450586724620 34 1 49 1 52 1 83 5003772889420 77 31081142996529 16 16809403551141 36 22177331500746 35 1 34 1 5 19773354490039 74 31275346369828 45 28113889629329 60 24658022170899 22 48678890878947 52 54894883938010 2 1 41 1 49 1 12 1 20 22533169777048 9 20384580750075 11 14270272797502 72 1 25 1 13 6359413501394 31 9003131324959 65 7333850788755 36 30348417744462 14
3 77
7347211318955029 96 7337406052954762 29 7264950011520090 96
342200585171286 29 285124684760095 29 284370833626418 29 259091043319761 96 325500177756647 29 330624183986029 96 302375921492493 96 290497982317137 29 273252497248988 29 318296101449324 96 236743371904989 29 294064444025282 96 293100217369343 96 269519230969815 29 220772994361324 96 237091919785139 29 308677229816151 29 264254196781172 29 326928230676882 96 357189503007343 96 270749233754108 96 277156094928933 29 269993321305974 96 286731086847499 29 274784511110531 96 307108390430489 29 306148340067922 29 245725492942751 96 218353968220016 29 271085977959151 96 280126235292970 29 268486659585906 29 247643692213957 29 260758723148593 29 308147344522265 29 260981471652599 96 291406962815664 29 279567903692734 96 253830743569824 29 282460894141660 96 272898527941977 29 345333326162720 96 291098957626996 29 293254089746074 29 275594877121680 29 304452434048969 96 352920636558113 96 273627550677928 96 297368273719469 96 279160503761489 29 254802727301350 29 269561564808126 29 231343483769450 29 272675093924817 96 254077204655043 96 248944112152744 29 266464066429283 29 273292518001010 29 282574241231049 29 284381361618609 96 230657184109792 96 203611043030742 96 293692429548452 96 285040740060052 29 308721600242700 96 279572706403984 96 306811260447717 29 336075617239699 29 303904828299569 96 310871684765721 29 208355379737667 29 318189732372966 29 268299825667606 96 264191080107784 96 292992827829740 29 268803149072816 96 303628267314426 29
3 38
2718196103664045 15 2539985841169807 89 2463474884995832 89
51833752075008 89 191330771932135 15 269525179180040 20 144386979130039 62 175465944892658 20 190606642822985 20 223936240232729 57 204590479106059 89 223263700113169 15 204860981598388 89 260137659761177 89 259619467600308 89 291592813369862 89 229614973782238 89 184999836113779 15 297527140763512 57 319189176723666 57 111445632568813 20 178526020165327 89 250839350654573 20 108219737292676 89 218665722105977 89 258523288304014 62 120899341483954 62 81816024533024 89 61244314137785 89 259995630589999 89 254220361497445 89 228915980733508 62 278534445088157 15 215161996246997 15 180926204986030 62 339296788900250 62 221709032719656 62 252453775209077 20 222653812574288 20 154603337006405 89 214389009528384 20
3 89
6303094987661205 23 6364544847015921 23 6466409972042804 23
250850414746541 23 371432153865048 23 195933598276284 23 370623640066338 23 158902697804127 23 292919183669502 23 323922520996457 23 311418525778754 23 188423681672522 23 148490390882967 23 234458176796150 23 272100514964089 23 229223580990560 23 135950738347229 23 212951473935593 23 127733141402674 23 188122951242610 23 292779374197885 23 244460349730654 23 255044604344139 23 231207872629822 23 243965409679186 23 221493490462560 23 155555902787768 23 206149299730670 23 152967663525269 23 249031883314989 23 351594643007740 23 273156691749681 23 83426410019577 23 228051594873575 23 207403502534058 23 269226402409722 23 211718962328055 23 152344692589573 23 252976264071226 23 191193083326092 23 221033063325577 23 229755795065086 23 187068627378162 23 188927292522311 23 280292667637791 23 202212880546939 23 332901371063978 23 167955898914079 23 243353390328908 23 195941265263437 23 235882553754471 23 251742792740568 23 288980969343911 23 172763919787226 23 308746372014038 23 251331329140259 23 177217517403119 23 273017634471372 23 264045243554293 23 252262523977709 23 422736149235240 23 275144648212156 23 320145883534661 23 241513969336644 23 206251110941641 23 267276751910896 23 257892316440174 23 211850381113441 23 107871796516426 23 224240411816372 23 210873204783977 23 250762972982688 23 172641318238510 23 247770212663970 23 110619391136910 23 224684997321303 23 230998423712462 23 246788416416917 23 225567103973619 23 130777940562427 23 317528620592022 23 104005911794628 23 200919690311446 23 176257621187629 23 249931916170742 23 57941648128119 23 314571475601510 23 392761811092318 23 262334313040078 23 202545942024819 23 260673525599924 23 119383481643464 23
3 51
4346173158253817 43 4358061728911025 11 4456622026327917 43
344691006400098 43 326189101373017 43 183074430345062 43 240806383248545 43 305531668318211 43 322512412452925 43 170916626350743 43 126836402323639 43 249862364012392 43 294926495602104 43 149087097116083 43 227266390950440 43 233901550769040 43 236970138298870 43 203479808639833 43 256803378821786 43 190567228530793 43 273041668169921 43 263458413827493 11 364201427603959 43 325399877003601 43 294897862994678 43 221015274106685 43 238364273956563 43 215034523451414 43 181321667833902 43 217524002844598 43 194075155062083 11 229607439625556 11 247115750057739 43 266969725843164 43 206807448793996 43 363794421970835 43 282834259976886 43 155177246158640 43 272546438126842 43 297912699124217 43 202413905065592 43 367358807942474 43 193609650238623 43 348528757746517 43 220604005900927 43 180760497904332 43 230952207288982 43 76378295211351 43 301039107549827 11 202749812041602 43 290593458050498 11 202422945380528 43 302802042546985 43 236011039093132 43
3 52
778334203202958 11 895644707346118 66 995058362106490 23
177797194029663 91 148519091698817 11 1 23 23066919248822 91 60144758023596 91 10213491157071 66 1 23 1 70 68465608188574 66 1 70 45166604428502 11 130646902208337 66 1 66 86630318973399 91 1 70 8988933946891 23 1 66 74827281465385 91 199489892887218 91 9854884410920 91 1 66 29860810224464 11 107882751639044 23 101682037917199 91 47093110400761 23 293599190539762 91 10627787324001 11 129586096600992 91 128687381358716 23 154810697891867 23 2837642307287 23 14632288579044 91 115780764236547 66 11169901765603 23 1 23 62996591104036 91 1 91 96562844799568 91 1 11 1 66 191366834843086 91 112019693691233 23 1 66 1 66 41901778780684 11 1 91 1 66 44842617886857 91 82661684043735 23 80557939923235 91 120122940906837 91 86592275318256 23
3 87
2173682737502996 60 2164042931717544 13 2163169172604107 28
79963604432101 60 77881521390509 10 61215387984519 5 66171114034326 26 79215141378806 28 71644358893994 13 90137671327005 8 35938664807664 77 63369440174498 19 68484905996762 98 61728840800400 69 96696644922639 48 59211628344131 60 73957440104161 5 61948188011907 10 79474005686725 48 45752782114036 8 88778622674727 98 69261919008954 28 70178908228537 77 47746573843321 69 72268481724469 19 52416933413801 26 60840015072289 13 68086218054581 19 79839156875218 48 45579236241247 98 92160591561421 77 71473917258094 69 61181111584908 10 86496330006647 13 92682875418490 5 79000818923838 8 85914358421181 26 62289132030783 60 100819567818554 28 62799503770271 28 69829447692535 8 83983893558168 26 103360047362552 48 92199974199467 19 92035170681383 13 53054691974742 60 94309679117686 77 66088100002648 10 98016590372162 5 78547168632012 98 57180440232989 69 85834746518322 77 57979326746723 10 91738972694533 69 63374779755766 28 81034297215525 13 59402369247415 19 78718600344481 8 44084849666284 98 73997415319018 48 56006334344763 26 82363041850239 5 73388023693224 60 47234567311437 26 74279874797283 69 65878276763980 19 66959398372602 77 69537340085907 13 83317705467890 98 53389575234352 48 112429843553160 10 74554608001414 8 92737624651223 60 63237908381464 5 62637376195796 28 63613419326328 98 46432885027112 13 60100481007180 77 69797854856182 19 86300009628457 10 69154194160743 69 71776284732671 48 80125266101247 60 68340961808731 5 99729329260660 26 71739296992417 28 80330962415748 8 72889949453849 8 91423088566418 13 77830665761246 28
3 53
1481411067504297 62 1516503797852074 55 1429178364998203 62
1 55 1 62 94293964866054 62 1 55 74917439468015 62 1 62 1 62 1 55 1 62 148780164079118 62 4771792021149 62 221161577689528 62 108245555928082 62 83595289466640 62 69581622317961 62 25477075841445 62 101522257925149 62 1 62 72321469891495 62 120677602953575 62 16869567184428 62 17021117805913 62 29736991531264 62 227764641663091 62 207795456028332 62 1 62 138254821102064 62 119528528775650 62 140698761456095 55 71430986736595 62 89868195443745 62 1 62 26131510323793 62 18069411053218 62 1 55 81151773428913 62 93808581985364 62 137284971778143 62 81250449967665 62 105718448230468 55 116003765891001 62 58444715901486 62 1 62 1 62 143221157649772 62 196208669530691 62 143273850066917 62 39134101581385 62 127698220908839 62 65709715941793 55 83135118399400 62 142425656167513 62 230082633043330 62
3 54
2706455788038311 92 2730453909392120 92 2661015768903354 54
164050972361274 68 206689465436529 68 176200268569676 68 55885242033996 68 202945614576993 92 190432387752882 92 176885795764676 33 191574738514348 33 299452544384053 33 87887493429783 54 97721472752516 92 135449205604348 68 121484503696986 89 188325349923722 54 84788671012256 68 128314292731492 89 147458801208975 68 165784511516327 33 185131761829480 92 116315132463564 92 127053907441032 68 195455413729768 68 188989960794474 92 47766755144243 92 119372386493167 68 103657044417273 68 70742186682550 89 224152452669570 92 92265768439239 92 135513603925485 92 129605880732519 89 131233562087543 54 211137024197304 92 191425908156607 92 160810423755555 89 238204684189715 92 137561355526044 68 23088040633881 89 267170751496388 68 190614202874199 68 77366012488846 89 162105693301975 92 124033814085077 54 188850646239942 92 201335170181648 54 111370239471739 92 118876839780337 68 214343484442990 68 191395301698975 89 195845241264745 92 98721068645128 92 57261659206591 89 103704118732187 33 55977188144960 92
3 89
5461109292844054 48 5377085760738937 22 5442762765446247 93
212869130349772 8 111305631521321 40 176330824377002 93 173480970017637 95 109528125690789 86 209863492391085 31 207921482809520 22 148381844079194 64 137335907542475 60 147053528043915 49 244564371578586 97 123729478456435 61 166900006431320 83 223915950891765 73 207918477133043 27 217571764420390 34 179277270539233 15 230064949994662 55 209927471855246 81 190923834312436 48 233661825337665 47 229228788172570 14 175514665154672 36 184450388522589 58 159344811005610 75 138567376264673 23 116338159708932 99 166148742896852 24 192238989587459 28 161661440067702 35 184333748753458 84 125874406474801 2 181573122647112 9 232162580586636 56 211275982873533 56 137007272559685 40 189632471799991 55 173221108090200 9 182121398520147 60 190450863903844 97 217726938503707 84 205959202505053 49 166461608398747 93 116240779265689 14 198552069111467 8 190336013184408 95 195581470746510 2 172850513929254 75 95234555607123 61 212794898403886 28 169809000245793 47 201850363998906 64 161212816999837 31 189842970987190 48 207445426273282 15 147498806071109 58 167707481392970 27 212511286234114 99 223054083764291 24 182306548331835 34 156756077532449 23 185287455297055 22 174485811990238 86 169584269576847 83 141176498775615 81 150683956882343 35 183155267768776 36 168128590747510 73 188540297628544 55 187433498500113 97 193326842392429 56 225842564894691 35 185986182596712 47 168259701717427 36 201748387030566 81 223201356237854 61 182035563010654 58 145601245944845 64 152404571011052 2 210326175413178 22 194596659097860 8 182882209710614 95 121362584993593 9 206068783269153 28 186807035004424 40 210952854599007 84 180264266021693 49 157631311045529 34 217354548634995 83
3 34
1056119317079456 70 1068257540504164 98 1032726181985761 70
101697990865476 70 90275896016503 70 89386982805225 70 79315428127411 70 66181891509710 70 90278146172176 70 105602668547130 70 84440715596491 70 115941320935637 70 90310847771727 98 82888781080231 70 92208133450504 70 97857363838192 70 96501704774286 70 83175042116567 70 99083735714312 70 91367918557159 70 80221402023035 70 84420258152651 98 109985787802254 70 104991087115400 98 97552068551295 98 100466325902456 70 97675860778404 98 73444263444777 70 77921154956041 98 103314784533496 70 95732487078991 70 80952488003624 70 103745453841876 70 100868297598921 70 84813296447577 70 95053782637905 70 92157710893780 98
3 50
4116376777624082 76 4062398950343364 67 4137716904247112 76
312067699768607 67 270071442919117 27 227021819140972 76 118329556455103 76 258087721009759 67 275185939263184 27 248182886166788 99 126440595143221 27 74330153145618 27 300246171549760 67 253419895645979 67 265158549729179 27 420916080231258 27 174009149368646 67 201500327541917 67 265150609523021 67 279103212998531 27 152449017193004 76 95842544700977 27 279939803967361 27 268740519186629 27 148065173379034 27 124751231445160 92 245468964062479 27 189568167541612 27 363834537188041 99 79884189499531 27 197537800948055 99 1 67 200726349755840 67 265961237097695 27 236513248106566 92 263238698480809 27 182478770423794 67 294137808407303 27 398352242990205 67 177054726223030 67 208445476897203 92 215893522249757 92 348816777730957 27 152997316786595 99 285395225763458 27 336703520264080 67 302308023841147 67 201024914607162 76 271691564915545 67 147248017447344 67 177430195947079 27 321987622154229 67 139646559381503 27
3 44
341290796150882 64 372429602850266 21 303634023857272 3
2263210015344 86 75200601196959 40 32923818791377 52 1 53 85224020706702 20 1133166930141 49 47922089570962 36 3128404483289 29 82660888046534 56 1 17 65935363633834 41 65652924394734 98 4014266647827 51 3348012311695 78 1 59 82012387147542 37 33890747042284 45 1 68 17320967191775 84 34448279246054 14 91767032471809 64 29388229558913 44 28387175474455 95 51093478072400 42 1 89 89146029392361 100 10116017090463 47 39437215695028 28 1 8 4142285331935 9 1 75 69016205371378 43 30679265189698 58 39240760883051 39 1 7 26023814807217 48 15834615848738 34 1 30 34648108715663 21 18767419349957 3 37111503403299 91 1 97 31313330395371 31 86764792960639 39
3 13
1442841733087600 32 1254396520103210 61 1353486959925375 32
275917439267771 32 355456153965016 61 293891312890612 61 290576287998886 61 306706409783044 32 354191725236517 32 331352776339477 32 331446542480309 32 337700024049209 61 278233387834259 61 310652031915755 32 249165235892501 61 220538027682341 32
3 6
21935209546808 24 24702240158889 14 18232474141302 14
19483719510397 24 11144780950582 61 7117889247248 56 8545432647903 24 7282816464753 61 12489647613580 56
3 12
523319731108841 26 314417025863553 15 607151173479638 96
251293801509480 56 179434227024328 40 89505076597285 68 73907437877251 33 40866340167730 54 108046419480394 79 25966587844121 95 155797053584368 11 105743823521544 81 91474667559519 84 282828372293343 70 126076425295777 37
3 96
3764842976432108 70 3765234799462240 22 3737051204916656 70
151358051823631 22 106857858809734 22 69782567826373 22 125972239543797 22 112038011235571 22 127061177955869 70 109438796139467 70 128177944162482 70 124708371836123 70 76237978809027 70 166070823353459 22 158149571292311 70 92766083511561 70 120313086706782 22 101317570971539 70 131654901068246 22 89255243763533 22 135474200068842 22 117517862761262 70 93548330504904 22 137454356836533 70 80188432227803 22 56873625880540 70 55697356036114 70 136138694769668 70 62323125114890 22 182863706705139 70 115662875927953 70 89134807901278 70 129553481522273 22 83488818161093 70 60751582871867 70 105809117842417 70 115218060909312 22 111426010101486 22 145826656666714 70 123890335130156 22 189327705347846 22 113061986776842 22 158151594486763 70 61430750066377 70 129655895263879 22 82841427866136 70 69938078455537 22 84310840058848 70 152377588636982 70 139647571937164 22 83914263435625 70 64783626135324 70 110111822115597 22 98061218817446 22 144422997257429 70 154721207348770 70 131836046740976 22 168785693710266 22 169945819225643 70 114244518752711 70 122956446278997 70 139231739949331 22 125215883180473 22 78348223497779 22 74602009145708 22 130286157550297 22 109363552664700 22 74495678561611 22 52701468751907 70 78902755916620 70 132451842809320 22 146742149754163 22 135629999026805 70 101125514435683 70 97360413104484 70 158203701817480 22 85290844377165 70 16019125106330 70 114670882243182 70 70034401662532 22 165091807721962 70 84715187049842 70 138812598822877 70 180700434974283 22 64779935570859 22 112661070420601 70 88878973505207 70 102679087600197 70 99375573385909 22 167284523149504 70 145828107735215 22 101771173817971 22 108162203576851 70 76939773194114 70 97781644668469 70 85600634458580 22 98776787239111 70 137938815834137 70 116833066361373 70
3 8
179149641268482 2 232531246789077 57 218177999164095 29
1 57 47884073616994 29 16356133778843 57 34152429289273 57 1 74 91254807730267 57 33123898787398 29 84005496915190 2
3 62
2918835500099284 29 2906229102339804 48 2928138975659186 44
296477510001922 47 107719029315351 85 173417970435456 1 136870771745642 11 171544645717158 66 142209898520914 81 169081432723362 10 70503382358238 26 157548074126532 68 106652295725163 69 233649000694061 79 183055889122273 34 40445733192498 94 139504725614621 12 153836637976203 86 107316113732160 25 194998891024350 82 72367165599145 21 92513696668662 42 271004343940892 14 103225221981776 56 127876748448099 63 118866814602959 55 131268906332143 72 130541373243652 95 138439936803758 29 130422174910490 90 179160916266265 9 14222600383206 98 4132795032927 70 233110882415430 54 54424951542745 38 171800782243497 44 199292298215134 17 195029827149876 49 183102155126069 59 83701963913736 92 98601915435556 71 68260195099585 33 1 40 168120821174556 37 120472330982230 100 59189030495449 20 135532503711629 41 168315609075214 24 38158282147789 2 109877732767215 45 44869402471933 80 1 19 197029654955256 67 164204786496652 7 103573274050107 62 60300755510084 84 194537769213746 4 174990941278011 32 183229444664349 97 179978223950197 48 230906821351691 61 256373211505552 28 123096949764746 78 136053844368132 83 227222956685037 31
3 33
1686896372319310 45 1735215695335244 57 1718287748371241 45
158789312623312 57 177727272961785 57 167220947725607 57 149322682241212 57 122907017447770 45 169701998336656 45 201970360818199 57 180996769236136 57 147907680469581 45 157941757315479 57 182628537655972 45 126401028344702 57 175926109325095 45 180789229924263 45 195026763536890 45 162191308181786 45 143544882214487 45 157863656393024 45 157118061559146 57 108962214787592 57 151750422848617 57 152368130111055 45 189256367902742 45 158576364047783 57 164898995112819 57 150921186837247 45 193858455366674 57 168881470968332 45 153869501901930 57 166419216293673 57 133277941743661 57 130852954674685 57 120401623231109 57
3 89
2327659018210582 82 2080290477153797 92 2403176206792396 11
104477121171878 82 10975560964830 11 228364522567346 64 1 11 78926827366732 76 54737958342483 76 76654354576418 64 1 64 190246806907620 11 1 11 1 11 91515635092855 11 25743574141383 11 68019663887554 64 1 76 59519029180074 76 174635793964658 11 156780568907679 92 80074131541590 92 285899316696383 11 17045489206220 64 25505852724586 11 1 76 210305780763978 76 95356595145889 64 1 76 94072574408442 64 81610737878442 11 114380368096830 82 1 82 1 11 1418082560343 92 145982107332172 76 178776619340314 11 223316600650207 11 1 11 44530466460741 76 198865734867934 92 241693898642690 11 95583244331514 11 1 11 99630820256536 11 49471688649851 64 142787804231490 76 3790139470058 11 47832564450287 82 51436197878071 82 74276709691185 92 51517313895671 11 21402062797578 64 211661985450348 82 203377697939048 82 53926177600862 82 1 11 70371656744375 82 230290562951160 82 78736502344082 11 1 76 234536544764650 64 49776682781795 76 139592379880508 11 143799503084256 11 92257798219662 64 88296417514707 64 122153706388743 64 148155119787917 82 8642074309490 82 1 64 115674558685474 76 145792719303201 11 119113835059892 64 1 92 42478902979370 64 161129258494018 76 86214523221668 76 34867129586195 76 154836728783565 92 1 76 1 11 93280481290369 76 13172868401194 64 1 76 96904332037566 92 1 82 97700910666971 64 216739303664429 76 215931458284035 76 282688039460411 11 107069839982419 64
3 65
3433178610967543 49 3370121803661876 80 3381330288934593 38
169579413025793 77 178799778306002 65 209184635046946 48 177464022478714 19 178104667822182 44 136952647798178 25 180525206522539 4 147095944329649 18 182160596428815 11 177622063376761 50 162318611586311 35 182230665321226 84 152016683357572 42 158648005723375 13 174374462255456 82 138971155927200 49 130709861372865 86 175230430995637 46 199356632922209 93 186817096173361 52 128003219692926 80 130785538469860 96 145439277111759 100 179787495158529 54 170188267422995 15 158309983717736 23 131401272206534 38 121244533569356 63 166082346659604 38 137423510130571 15 117375056374036 54 152101597288463 13 156304600530459 84 148911449923954 49 180650356440851 48 124799033092538 4 140205313324170 42 173213247211557 93 190170221639815 96 156138600268930 82 156266116548443 100 121059950902481 19 219006612078932 23 139747868943031 86 108875573398419 44 159303611921413 80 201225641198877 52 171800176623411 77 161698639390689 65 167156723046169 18 186386649896491 11 184800156563704 50 144597578015078 63 151356981573341 35 90930210029437 46 138727861456716 25 182884134158969 23 169054651726357 13 142003717300932 48 182635665206864 35 161314022580417 11 180438710054421 82 166562718102403 50 136274671849129 93 141220409383730 52
3 72
281413625130155 65 269566341463193 84 275919787160076 65
1410049355188 65 11042656209130 65 16327398174867 65 1 65 55547460733286 65 8853752932482 65 62838367353807 84 36558717056104 65 12539915714198 65 22634257146410 65 12367097242300 84 1 65 20477011896945 84 1 65 1 84 1 84 1 84 8178144977157 84 10200886637865 65 18678709462617 84 1 65 1 65 39738531251595 84 2745296997458 65 15135026829737 65 33136460375171 65 15935714485262 65 1 65 17444095062611 84 15009165153619 65 1 84 38897568593034 84 45362327782187 65 26762008222893 65 1 65 68028153571352 84 15643378043207 65 3784737488504 65 11495875435496 65 17615443580642 65 1 84 10480437784936 84 41544724752057 65 24064305065534 84 31241698021060 84 14511498836422 65 1 65 23092428500966 65 1 84 18204835239882 84 26683134191311 84 1 65 5393140155055 65 1 65 1 65 33449480652382 84 16335789031325 65 23564280970491 84 13762976859696 84 22545527131703 65 51804196369897 65 15537795010968 84 1 84 48006839706069 84 21381874668222 84 45208791002495 84 13819670127413 65 1 84 31049926181514 84 6535162949186 65 7605629011883 84 1 84
3 62
742302860530751 81 746741136440512 64 730785028444355 81
44683488905503 64 36258856703825 81 34747580267988 70 40570793066461 64 27043472116870 70 43140872491001 99 40600272133365 81 38413425944422 99 34622718044053 81 34174425135633 70 34197811655015 67 38870744139212 70 31821350379297 64 25961960275804 99 41816221402812 81 37072798866345 70 33539757689426 81 26971570090250 64 35484649868718 70 39646998007518 70 35220336242145 67 30766394845020 81 34108614008739 70 37431403418443 67 37738093105342 81 38972838961887 67 33500153717408 81 41816764115993 64 27732058970501 81 34556965338369 81 33257139452838 70 41715870723480 81 32174722195783 70 36885428567194 81 43060608318034 64 34862507824491 99 39623845619153 64 36246904685520 81 41226316893349 67 35544161898310 81 38477513600725 67 33420052923571 81 28942924427272 81 41931999411462 70 36782966807314 70 32287973992885 99 38283038965362 67 40057938497419 70 35016156268826 67 37168443067482 70 35557577429619 70 40948844619208 64 39886726111318 70 34219462061182 70 24057683072255 64 31292454447907 70 40177183219114 99 32629647798135 64 43764452997593 81 34686985777998 70 33530000437637 70 40554355914782 81
3 8
318843260610108 84 382464528758689 94 310691125067187 56
1 33 146278569759593 71 64758450373033 9 103114735680984 77 106289449468122 29 47201168167038 48 1 81 111341445787635 95
3 28
2717229432099261 94 2712825295152985 82 2723003314362793 94
298555563953017 82 291281723537714 94 289944850415280 82 290430432190425 94 293916522362740 94 279715593220998 82 294899875733187 94 293850968879218 94 292477503470429 82 297558630514471 94 295163061997008 94 289126947413118 82 294299433912352 94 297852657476911 82 288667666840009 94 285447048344016 94 285571238442916 82 293561825816525 94 288730210874408 82 294536858707534 82 290986272504729 94 289175868367503 94 290923198922215 82 289888734766506 94 291776650635575 94 289518287802177 94 297449407971929 82 296709508633142 94
3 55
3577371148989576 28 3588454122195435 44 3655670831489267 86
190664206590418 86 157522862341308 44 213016193180656 86 157018844955448 28 161112211747943 86 290383177464046 28 195058572171695 28 265447425990324 86 195828376997554 86 156924708435072 75 242640304205346 28 150284352779884 86 144209204035699 75 207575108200466 28 198152948838252 44 132162901546770 75 224534902241443 86 224073980756979 86 312711309960655 28 180764373610818 28 259687771305745 86 161530870848992 86 225576512764365 86 186688756361268 44 282976511268471 86 94414939062515 86 170826408175515 75 176899790056142 28 65121004745256 28 191250536475520 86 322998558100483 86 43379062191974 86 203782994565414 28 236111959525309 82 252763485649108 86 179635309231441 82 319703651322800 86 145858604508034 86 253695233617103 28 202949912966326 82 158743391483154 44 279505953316708 75 104392772047336 28 238645161409441 75 226237870084365 82 179432715828098 28 222549877164942 86 176157277279468 44 210342900602568 86 183499335572439 44 223753081787039 86 168937961212227 86 58451301594964 44 243885339163374 82 231807786905112 86
3 45
2333975606933112 24 2327893424612370 9 2341103941208508 71
159988408716798 15 152956959369466 69 157120905412966 87 154048269364173 43 158155326066040 24 156405014010498 50 163240274068092 52 160485409764285 31 155283433370475 92 156525261564848 96 149860436246577 70 162684400286589 73 150089540130571 59 159869086654403 28 161497266279052 80 154946153968051 51 159695420223434 2 154984826759043 25 149873175759291 81 147193767109081 16 149749496567696 38 160991483444993 6 143995509068019 40 163604881192842 77 150153609768403 17 154534321579648 78 148342643654302 64 162729497600395 18 162722362449605 58 143897364291773 23 150014978057292 1 156960289178167 41 156700472869202 33 157809445904312 9 148797708997187 95 154954386121410 32 151925463159008 20 153427623641517 57 151999558585469 22 146276948500689 27 160607831721401 21 149777286959474 62 151735067576978 34 148366652138175 53 151043251750897 72
3 90
8600901396160626 32 8609618304433157 67 8718770679679141 32
248941664510941 67 318048409591773 32 227586365004858 67 318942455460311 67 274878643614427 67 208568477378167 67 296574181885050 32 212593637904287 32 318449007061270 67 221332518523740 67 375149490010575 67 276396600225605 32 339629593663726 67 263424763188269 32 298479007703039 32 317261043016161 67 175455769685881 67 334428464090258 67 358774769403935 67 372114782066121 67 308512385832880 67 338731965574189 32 243962332442708 67 292771792472749 32 235599565399942 67 337218110344989 32 316459999131853 32 308814604350506 32 215833050993601 67 333383317316535 32 360613686615248 32 383280520245641 67 234290566050123 32 312048039082711 67 145215306261059 67 233664508649999 32 283913532918967 32 432716491947907 67 481637336868537 67 363631221921063 67 211404103446221 67 198882826611982 32 309534589166444 67 293781877110550 32 345613796775131 32 336315966901995 67 172397985721991 32 252763989610434 32 255813374791060 32 329816974724319 32 302049930604835 32 361301668656558 67 236189633707301 67 358874242516732 32 248045180513285 32 164508736514013 32 281655015061864 67 133125828856294 32 274021427492408 67 264524946099934 67 245113315018675 32 283998382651822 67 406211631097089 32 373346458627867 32 206181452598059 32 282317094130810 67 370017919001126 32 303588818965330 32 387546954004971 67 287473106882890 67 379470712267452 32 206926599568543 67 245977558360766 67 348151988533407 32 309855230616635 32 409214704475800 67 240148338369021 32 465414064398354 32 216480558795488 32 239433378420206 67 280811238699148 67 474755983674810 32 198201525630786 32 175227513956299 67 282672593595940 67 224025554266910 32 472943795035898 32 335886486740135 67 262416292534867 67 235486858842885 67
3 88
1553525399156376 71 1549943870287258 71 1554276295150783 71
51680076714878 15 54743474475979 77 49918507795395 71 50201589437328 15 52305053767181 77 50336963157785 77 50316761383911 15 53492603596634 71 50299429875289 71 49905854306266 63 57592904712475 73 51406679342527 77 54165139712534 77 55685806547259 71 56653691838449 71 54960099827022 71 52417287589618 71 50097702349050 15 49725083173303 77 54225186290417 71 53097652764832 77 55296934614633 71 52886683920324 73 54719070651078 63 48735916538094 73 55066799350061 71 53447854109788 77 49348208071799 77 50007487266391 15 62022440075009 15 50524828353357 77 48932728653529 71 58294660951674 77 51736532378128 71 51022099388728 77 50750574147820 15 50225396401021 71 48750967652777 71 47548467954083 71 57468220895354 71 55154355843132 71 53625456014883 71 50979703390562 77 48092220593294 15 58257752197236 15 53623741181446 77 54306681116152 73 49790063425658 71 61894711974102 77 53410254864201 77 52704825811798 15 51175706651908 71 59586340950509 15 57088680575529 71 50248989515477 71 53567173065848 15 54225040080249 77 48116220323055 71 52385602152946 71 55154197865941 73 54921196779899 71 54341842298858 73 53657956730869 71 55228017965537 15 49801902206646 73 52780223093996 71 53409847699436 73 47976584948495 15 53424195601752 15 54006579630686 77 49538832455547 73 50400836187417 71 52602232018367 77 56083429121480 71 54801780075377 73 53048127283985 71 57555986766392 77 52522294579016 15 54850932620382 71 55922237584430 71 51798981923758 71 48256532209721 15 50728943331133 71 47806789413799 71 53687559579108 77 55635731785910 71 50382974666345 15 48789403534446 77
3 96
2187987367088150 62 2176274820097623 21 2206197417125151 92
102632379700850 56 93408872788036 52 71951093759851 94 33860185509497 89 31517047748487 90 46566964534639 73 6610497856657 16 65273308413420 54 54947386521920 9 1 96 66260352208967 100 63759932768628 33 21909545727071 76 101092986323903 79 28404818736380 95 48555573330565 77 58585677543779 21 32438450481780 14 61659067004718 49 21949038531202 44 57504854130269 40 89201633539046 19 89334665729771 85 15071203645239 57 11694393946535 10 60475440583505 27 55830433905390 92 104484319925455 75 124459995826971 28 43828697409650 62 46248358860459 53 41596391942077 73 75760659963417 28 34434826288435 57 111819984191786 33 136166879551550 96 55965669921434 14 48726340828409 62 61396480806435 89 1 52 116000435302766 56 712207961653 85 64383204540022 49 75492740746708 92 95287193070596 75 91267183965341 76 28600538516867 27 100557415777490 77 7543864669336 94 89601153021674 53 75383205875095 19 105898840465335 10 142651970004433 9 68278352032638 21 102777640461726 90 82775777513769 16 82727461077371 100 21534044847760 95 1 44 57390623241939 40 1 54 103039626097173 79 1 77 19349153003548 56 38469365652559 44 61707056198156 100 79253238275127 52 69698803635407 28 80744807868024 92 55983194015163 85 46451441120897 10 99333223186752 79 106715404984944 94 98031771955009 27 83440679584204 62 33559438258915 14 109500632490155 96 56373769310840 33 122568243709674 49 39722827888144 9 78796090580817 89 76532258694737 76 1 95 69159321883345 54 49811210800841 90 1 21 64887901871538 53 99221327231510 73 19706424289322 16 85290036640344 19 92074290320885 40 91570411883377 75 13138857704985 57 44200934407856 96 110631494699542 100 74538268123084 73
3 76
3589482178903966 99 3517345203272206 24 3542410229525024 99
137011610277061 24 98447333903425 99 155063068786332 99 116802302743066 99 132666025872738 99 117162780217007 99 222030222836699 99 146361727502620 99 175130296326277 99 170024261924148 99 117206292637405 99 63134848975663 99 136902999712619 99 101255427147298 99 84577506218798 99 75369521887273 99 160839190505534 99 152888004696666 24 195632709929469 99 139184268408097 99 162552282319482 99 177240096378500 99 196695309251194 24 179334927307124 99 172343823649743 99 99029061576061 99 98877637751064 24 161140863400222 24 145675756258157 99 151340486100067 99 110330351427682 99 130174920459501 99 115333625703021 99 158523195665582 24 240862826672474 99 158697211265641 24 104035340464014 99 211429324895410 99 109212093399087 24 90665508796556 99 174782328751121 99 108910692363691 99 144887088927974 99 122285472050346 99 206022525056300 99 88763956682017 99 238958742811062 24 138985766179513 99 197898777873538 99 218288619309957 99 117757354320511 99 120407470568133 24 168837119376401 99 61012364137084 99 150353222047211 99 111504635592393 99 173126724598947 99 174738702827455 99 179520108502017 99 117709616458930 99 127767254337287 24 213131875071842 24 122866793186246 99 124455141401880 99 160571192661840 99 200012318188181 99 200781945259493 99 81610808383581 99 162069284959522 99 113039996976039 24 83676216743422 24 143900950940450 99 155794431665583 99 178116176033675 99 137684291136436 99 115427972342947 99
3 12
853963706494461 67 706243084819530 67 633930249410545 58
264675691778410 77 113233129520053 58 23753189295774 58 278521668257114 58 225750459320457 58 316787262866630 58 269131326534599 77 263613749813689 13 173815709007580 67 154419347566634 67 97339084377141 58 142632729875896 67
3 12
856314485327908 34 843673977185847 36 833342599305726 31
164818184911731 48 233433006140470 31 247414420874284 34 40364104723429 61 257167825625835 86 202172313366611 82 146564788049253 36 58540906170773 3 35225687444001 13 210978645194536 61 38130340314657 36 171150206416189 86
3 63
899232507919416 53 802827520310182 72 885336847118512 53
1 53 167440081963867 53 1 72 66640536750648 53 88369644850653 72 4963853556112 53 37350185936668 53 93452251806110 53 53748697298496 72 63787334019657 72 1 53 46576092581699 53 55135784553685 53 76306253723338 72 83813427999008 53 34889179398165 72 59679778996926 72 1 53 1 72 29095790060670 53 43062137390050 72 1 53 45508799437518 53 28477836918500 53 114908251738750 53 105099449901329 53 41247806401959 72 1 53 1 72 50013462982319 53 6160687643259 53 107723123294128 53 1 72 66701919228012 53 1 72 46626606422128 72 1 53 60473145754748 72 17150220477243 53 29469441224766 53 115517982638202 53 1 53 1 53 64464393995948 53 33245326295507 53 47172238101464 53 75050615826544 53 98683000697957 72 39076805219858 53 92192375997051 53 47303473900784 72 1 53 31893833369921 53 40910407833225 53 33744892412481 53 113270544339569 53 80722319729273 53 120476908420452 53 147192024798867 72 12367449924617 53 90344526647097 53 213549686818069 53 105005315703333 72
3 41
1886826307061508 71 1819889133904138 34 1786446188583301 71
149535027481349 71 178167116943843 54 150336655445754 85 148421124763846 71 167033483421461 71 117545158029364 54 155299144674697 71 116992655483225 54 130887310551181 54 161566081499137 85 61589947479748 34 211551929091930 54 200390867474376 8 194190648120006 8 137884811857536 71 149654238438750 85 183905766889080 8 56470542332452 8 118246223468223 34 162115828514175 8 199233415111508 54 180211403223479 85 78691104955672 8 86016842739973 71 156947310921120 54 79535376756212 8 218084341310441 71 171599513246489 71 158728217817876 85 130538868556359 34 196818227056975 8 1 8 106874756497965 8 177091732663662 85 169094713764247 85 37078716280558 8 185421902702620 8 200797844128653 8 122018278644985 8 147225251683153 71 237027693475654 71
3 47
3473302937220043 25 3474950651081694 100 3473132005835922 71
224444511928580 71 221265201828944 94 222725165088111 31 218858576725683 46 222372182765568 56 217638282220244 100 226560547114625 48 225507517022887 38 220558015964780 57 224704094125746 30 221353550434399 45 223801242176493 3 219022638215097 40 221779656897016 13 224318282772237 34 221163776061561 39 220327730137809 9 221238948004282 14 223022114454027 84 215776549732126 62 224494331825836 25 222914052418029 45 216091319358214 25 220079548767469 57 220174129222463 9 222627543683927 30 219507087354660 100 216322267941653 3 221991130157722 39 218614055614475 48 214251828480819 34 222945007692976 56 225188653598099 13 226199975281287 14 224423540070681 31 222271333371925 62 223563146406742 84 229394703369428 38 220830355121833 40 222084473255830 94 218737126582381 71 219357195454448 46 216273683896542 56 224860959849470 71 223277503731536 3 223107216643037 100 216385088146252 38
3 63
1152674871979990 88 1129912360939696 44 1147183016734065 88
60572614165475 88 89008947216395 44 40645398610746 88 35810822844592 88 101890913983738 88 100518796530908 88 92242132378931 44 49527910975163 88 35521574297703 88 1 88 82401687556602 88 68792712755800 88 54737171901928 88 23335203121615 88 45866561868799 88 73730540601139 44 2775530066848 88 47204476729553 44 45316809951228 88 1 88 26662540870799 44 79440158705484 44 34368047457934 44 34884794972083 88 60916616466980 88 55195645917093 44 26676608883718 88 17072080544899 88 76250052278335 88 85138882256842 88 48458627682149 44 64378176431122 44 50389185986553 44 47231088524497 44 43193037131119 44 49838380375124 44 65662176444543 44 34403968171553 44 46777187938024 44 43637968415119 88 64047502184892 88 35367406736409 88 33480398982653 88 94055216827684 88 65269842479186 44 48551800352772 44 27470830998782 88 92753428092508 88 107123154960789 44 74139603343282 88 42247980452199 88 104141955961827 88 48333372390166 88 27353623387117 88 37674231777969 88 50982947845645 44 79906464202106 88 13345294251229 88 50848907341461 88 75832957037290 44 33282461290259 44 41044806314157 44 43130982273425 88
3 44
3838819827326418 47 3813836775970941 14 3901348011350896 47
140535438721041 88 318172483801450 14 379759456834233 14 305633270357118 58 213680225254674 88 313324231528098 88 265773589564917 88 155987561784446 47 259258594308065 88 154640252926649 58 244123613949711 88 459293837655985 88 254500231645067 14 338484320227518 14 212766270331444 47 276141395075935 58 372336663691525 47 246619711898777 47 313693398672439 14 280635836187484 88 179188100050430 88 292721800902246 14 178698452334207 88 373141598525849 88 289206596315190 58 200045228822226 88 191124341645858 69 167627283273873 14 362014429014346 88 118333056709053 47 226110973536581 47 313276499904233 88 165445546346338 47 301399124738423 14 129346323245341 88 331602491980332 14 252366535304491 69 225591661876570 88 214958816902154 88 304059650237952 14 263012859520860 14 252665928089114 88 305339998989291 88 287158882301292 69
3 67
4113099892410155 21 4089114023579534 67 4098319342795033 23
143831490796586 20 237800362684661 68 205926019762163 91 166572859850706 74 155769143736393 46 207435182054231 1 156723007671510 76 178648233417865 78 181984842406911 94 184793834529491 17 160588105780670 63 167136955290876 43 140017082764430 14 257216670101576 13 178208348348395 65 138793512531206 90 160307201557921 61 228898539458727 33 214305130409906 75 251817053849410 38 116005499544985 22 195654172904546 27 184989421499202 85 150166267352727 99 142995506101793 97 183247549012314 51 177176951487293 44 115218714429056 3 246260234647488 73 176262795354117 50 91412221221895 87 188164996423401 11 198438881319875 25 256458153535090 88 157692909239325 15 203103224607759 42 158843357661002 53 162139719612559 80 208962542135393 67 162019962819475 7 154570535706836 16 211263880054385 93 152840711047271 39 187940606390024 84 195876830648792 26 149391010661798 96 158813877605071 89 199967744661555 79 219945070563263 58 153731279267497 24 237906550018585 19 158151470097266 92 161741806914788 34 194953960917070 47 236846242118694 8 162732877376275 23 208564743304582 71 211409309343453 77 170018332769824 82 144010122450115 32 134598480700814 57 166018735213212 62 160215045604986 41 237632313743988 66 169516422863243 30 172556526538256 95 176504581562171 83
3 50
4012112262494574 84 3994229567920929 88 4000019648776163 84
230118451205884 88 238074619389704 88 247750415609156 88 231751973344253 88 246396596824317 88 239490879620506 88 252802168439199 84 247083858420692 88 242650909960937 88 236827383007981 88 245738347734517 88 233947526910222 84 244639323246090 88 247139183728693 88 225961461109159 88 243353251929538 88 247286035688879 88 242740668959931 88 241326957057302 88 230819739185374 88 245311841380671 88 256463936062105 88 230451228188411 88 237033430193101 88 240254511220520 88 238326459299788 88 234420882022015 88 240403743664679 84 239709177476991 88 236532848924250 88 233833295390036 88 245595930217891 88 239181476040271 88 237244732615447 88 253724472894579 88 243958424404323 84 240111990755824 88 239776211871317 88 239190852543565 88 244571447136841 88 249632625277633 88 238973747715760 88 241005852952082 88 245092615344210 88 241917878373140 88 220233429746969 88 243166243147146 88 238860109432948 88 238788184484171 88 235319581465859 88
3 69
3016584290461782 86 2986791084230413 26 3048395811294507 26
59372327441869 44 109686152168734 18 50550674378504 86 72951763820622 86 130130087630816 26 41821332002519 44 203190304958983 18 191915077392067 18 133990763910023 66 103836626381918 44 133567651679562 18 177735773854362 26 166488821229239 26 60164934353544 44 162318101492214 86 133746499121496 86 100655776237105 86 102226120041951 18 196027028489198 18 158608273785610 44 193675827421797 86 107373549238821 86 190373771415967 44 111684820403263 18 86220034978520 18 41512361312468 18 108142748106771 44 139096567420281 18 164369699474015 86 169059487574097 86 130843978469718 44 267205091192257 44 152010082396449 26 65401385366740 86 141266359963096 26 105627282115112 26 191515138883399 86 189397958259539 18 107923839545302 18 62279172845574 86 212049082683689 86 174997471307603 86 75112963539812 18 125124983445228 66 119457734161886 18 145139004890505 86 168994157853030 86 75925391116294 86 103505555177821 86 120817256698147 86 163197531683543 66 97036180888475 18 156939062513655 66 93315117750206 86 127232655385356 86 146786342418745 18 125698176580801 18 93909755597674 26 163959326834950 18 144056010649961 86 128311101135890 26 142290509388472 44 126366575473038 26 129019545021000 18 91333443423596 66 111808091215284 86 144741416902235 86 1 86 124609822593276 18
3 6
368423983968264 8 325484600525201 48 300912901621253 82
216787367722553 80 270456578744339 89 146449318232652 24 185885759951706 50 79408423980857 66 120385885663225 84
3 3
293255585797826 91 251468770704432 95 293664155953142 91
266293528948100 91 293506338261850 91 208765883988994 95
3 77
5675633847733043 99 5665930809689829 99 5694937376903755 66
202388013569817 67 221992224436136 99 242925631702823 99 228378874083097 36 197678933816221 67 223947564780968 99 231404258592225 67 228692875553803 65 227951240467146 67 209030500731556 65 224347012035133 66 185634221451742 67 243905705185514 36 225133396306688 67 203752385481781 99 225953420484641 66 209088770262123 67 218414474808538 67 207218007103456 99 244627839818853 67 208477599100615 67 229907581990028 99 207845378690485 67 209283155581294 99 187360427142422 36 206055094466348 99 219154833543986 65 213583792233939 65 201606982415411 67 233360859855156 99 232475765694201 99 206223327939312 67 225672921336735 99 216401157652984 67 217585102656860 65 203009327409079 65 236260567832574 67 241762291257249 99 230457649512802 65 196949700383069 99 215040525321041 67 207846755175986 67 213134286816398 99 217438162442952 99 208434103824725 99 194379076660664 67 188583718677811 99 256073324851213 99 253042022754604 36 193073072053069 36 219356204172212 67 230842623689657 65 235977730929669 65 262053389446334 66 228020105745345 99 217563294858598 66 220181367578281 99 231889525673089 99 234510553602744 36 236360196206190 99 196892880805322 99 238652221876228 99 191211500823881 99 221867170206075 99 221405522005887 66 220482604633584 99 214932799291984 99 244179979898373 36 203826859337843 99 227051819195529 99 196495140143446 99 199913806916961 67 228658305450696 99 202613333787347 67 235381774990539 99 218037331619501 65 186563757383972 66
3 74
5915941497066103 3 6047997603373105 32 6034688101873499 91
269840677849350 73 128317429776771 96 188564301907272 46 276747301168494 58 426023614623505 25 249337989177118 100 179593424404437 67 243074210749182 79 369539872822120 4 110977132989932 78 182184390654567 53 235566190600348 82 132173657914332 14 242384481040457 68 280073248955946 17 201936719480174 71 214060645182490 75 251307669097924 39 134833503668104 91 217860514564738 60 364128411834877 65 354692592907709 62 296047112473858 49 193753770583516 22 190779970160515 42 291096478555954 32 232502773925340 76 56892830197917 54 281956552112159 61 221752504525260 9 271446897300984 81 170512472954657 84 257767109622369 64 305769743341981 11 151594928845929 80 219160553829185 13 372653753221311 50 224389345312387 29 341308205216421 93 443261060904711 31 190420855148379 19 288847527705268 66 145957403267665 83 129696830104904 2 224746018086003 88 285734411057944 98 272566756669961 63 82710632345800 85 335805222358933 47 102680469736671 57 269460042589384 12 195779189873192 48 300418394134999 21 298857924421185 1 170832120830911 52 363358340115495 99 165493600086360 18 286282942997914 77 413587040780583 89 228920931741141 7 288289047689639 20 119266014079536 59 255123826784204 8 358594309528679 34 345048946031727 15 229913803177599 16 262795301781619 5 295877528499209 94 334648963124526 72 276143504290332 35 280077819204116 40 225528518583163 33 253916476092315 74 185793806603169 56
3 8
57719049674296 92 53076811894841 63 65397431864225 92
1958076202587 92 30113516756845 92 24899085058262 92 21431864914378 63 272595944071 92 11323757646777 92 12034679278500 92 12109905514724 92
3 66
4876400978043797 76 4962365120458891 44 4946773717624930 44
191061419204623 28 219265213676160 76 392328127977922 30 215133311816948 76 178088546883211 76 146899383611010 76 315498380774114 76 365155345606134 76 313510079864423 30 208449719631403 44 197151630468923 44 370785081358262 76 98138967265274 44 157676952560009 76 246346313389743 44 208231000892531 44 204645910603687 76 247185947337177 44 261641635399606 76 272324868577589 76 194991255395879 44 155807738774946 76 180262514086274 26 274691659723475 76 225515525847159 26 95142846104979 76 137662085381819 76 172762010497944 44 280282678143866 30 188753545130274 30 290654699508611 30 262513937261450 76 264814068725299 44 263864262227046 44 267868135926433 44 358485323535373 44 222045153527088 30 88725257626004 76 160333743613625 26 276534909095261 30 250286825247997 44 240691538954644 44 245804116496809 76 180025641090332 30 255684407717476 30 245378681077895 44 323406286811210 28 364802689531597 30 235658711211671 76 226720839145347 30 210308378830955 44 427732315488122 30 139695734222555 44 281598153916607 44 130203732138202 44 237134047297152 30 1 44 349151268989283 76 317102131616204 28 351718751770282 44 265845294678130 30 102175398991229 30 261191712408053 44 136244185529865 44 315779294788449 76 241964193992815 30
3 86
6077940771264983 44 6127901834154849 38 6053336402162656 57
222278322317589 59 220399807044634 38 213253472293804 6 132134181060663 58 164257326355058 24 200618726983302 8 181157748587659 53 262150528810755 95 148109536025166 17 102917069148456 91 208116564694165 9 254519150292932 41 210632040997062 71 172605617688478 39 230174876088009 82 169649262954024 72 251594970719505 52 243039856448765 54 310562478458635 47 219490246618383 68 212635309147825 33 268463493859551 30 263239971733506 69 172136685453580 25 262853038911474 2 158772218656476 74 280138272993577 46 200451341511742 3 196996215142571 76 150540553987253 70 216587053568116 87 170937999379682 99 141944967001802 42 253876698966049 92 247081965869447 100 218017859950831 56 215448118912172 44 164613332271493 93 222546427233603 57 225760767539053 88 205522474338546 84 185344379771823 79 208461744564526 11 241855882347091 5 217255348046351 13 220526191057059 77 231759823689399 75 148991764694751 43 222374374560289 98 245866964497556 63 169778980506038 19 174979306148758 40 257541839139207 16 232838446942632 35 200977679519735 1 276916672305780 48 159615912465112 20 178634373937859 81 242588536361864 50 225647367294499 78 85488169568958 67 235028697193503 55 241782753263292 42 195939192714664 100 196692058340964 68 198912575919016 2 276903257569186 16 223365889460409 82 155136840473804 5 189611321302385 59 131456499032948 88 195160449429058 58 254014158986141 56 217239419701363 77 208882583339936 13 215224903844391 47 250319182354675 40 171629614967827 84 230696929023060 81 255937215093023 54 222315301795092 57 222992748782194 43 234673099349642 41 286401937612197 87 164856170573730 1 175440416122565 93
3 24
751203967916364 11 729592232328860 45 825963682358105 11
33178878914635 11 81818914186053 11 54726001958463 11 120837054730469 45 26994152733677 11 109388980982624 11 71494128684367 11 79726214315477 45 137460555754493 11 73095735487993 45 80318382015704 45 83753850552049 11 83153960856280 11 32783436076722 11 101811557766659 11 92158546831385 45 123045168444484 11 74332309968479 11 49466152181656 11 152536486760788 45 79963242149878 11 76231861018436 11 167961020608346 11 99124609736057 45
3 57
5552639257055273 33 5554818183344570 99 5546061359565329 63
380637535649792 43 303825164983834 63 241635195042574 99 191070826153995 63 297572289612264 83 317634681147065 63 338252482794567 63 373461976572014 83 337006717720480 33 297615633049523 63 299391706856795 43 201711156782633 33 317027913530070 99 306421229159690 43 293262344543429 43 389327283084545 33 374483336051399 99 320135470787738 99 272019264715121 63 292319228171325 33 286547442010209 99 189475090203650 43 366610565018877 63 241654393684960 63 269498767798113 33 245162022383912 63 241501638869326 83 266016826977785 63 259902610618817 63 298400048764394 63 294968531391472 83 242332290306072 33 289320286110916 99 332459876959175 33 273288042153086 33 286807871062314 33 305960073742021 83 403984786711530 63 237941152946570 33 345120571043100 33 282190536204501 83 273381618857516 99 237310829193211 99 354743958017173 63 290636952326211 99 360847616639513 63 292800498636146 99 278802512167112 63 363784950913939 63 268766956647636 99 195729485796689 63 334299135102466 83 299799387701613 83 342666298933009 83 358282790511009 63 300763013553060 33 277718726497264 99
3 25
2072161717775367 87 2074507678060275 67 2002241488294351 98
270777781946953 40 233185016791404 67 213526825921877 87 161903107322063 95 159582462444731 57 206289366872094 98 297440994788586 95 254032519234676 57 275326192581288 40 200517985726205 87 191319765655157 98 208288583064782 67 263810697695686 95 232477627467511 87 214888220668933 67 223309260004145 98 227281782522742 40 179078611935901 57 240757603284383 57 236036298913066 95 236164357845157 87 226232166347778 67 201561900357874 98 250647068717578 40 259237745522725 40
3 60
899216028424924 19 790079800037739 58 843863276503939 19
1 58 117551607240055 19 19177027643886 58 47139421729117 58 42801534554518 58 90606427983730 58 1 19 102944193557443 58 60691972542257 58 28692054232693 58 22539685424125 58 15907662733045 19 86463400145057 58 89253973816987 19 67212942714266 19 41231350240017 58 75192144597386 58 26826712574603 19 1 58 17992196749895 58 131858248165704 19 74799039518334 58 7745444565821 58 1 58 17608618468899 19 1 58 1 58 91931515866545 58 156315350225626 19 1 19 95774325682149 19 46640393220224 58 33701236364654 58 89217254477852 58 9104988749804 58 22287510344526 19 6852780386822 58 1 58 137303930459617 58 34547146530889 19 82463458496066 19 31236505424536 58 77440638972202 19 1 58 60475692368460 19 64722029561000 19 45722732548687 19 135363098032151 58 50602850444807 58 72051039442856 19 64534231785758 19 80776103691757 19 22850546238199 58 157198807634652 19 93576069356838 58 141968617179372 19 81086720329657 58 1677577033155 58 66425692967687 58 99320628840316 19
3 100
3384057304464777 80 3386379639068314 73 3382991376867199 54
104744073931219 80 94570508783641 54 98887529388363 73 106794304578610 80 93285201028030 80 103401523120182 80 103997270356768 54 107028406562026 46 105960338298841 73 99221717306859 80 103031880740443 80 104076504547368 80 98577731113859 80 108053431523214 80 103841432627339 80 88081913531039 54 106768298947110 73 94913049789634 80 99030154397794 73 110389326862344 63 104103379821881 54 107497963458117 80 101470701740370 80 107314362618316 54 98228500893615 73 106483116008434 80 95634576331334 80 90759630585372 80 96605086676393 46 105562000145229 46 103666031668362 80 103451935644875 80 105877904688973 73 97923427578655 46 91973536416550 54 106012642953991 80 93139419125720 46 100444215181247 46 107694295556598 63 101877285561843 80 108949068917722 73 102279711621689 80 104358648727982 80 101380969200353 80 102645579056841 46 107192190141913 73 106771907757559 54 101243449397798 73 105212550126748 80 104858740215826 54 94251228637476 46 91171478912479 80 106096676549113 54 93245796293955 46 105234237520929 80 99749050851785 73 98942607084952 46 105712073525287 46 110846212595665 80 106946204407087 80 109349616700498 80 102962246334810 54 102828388688927 80 108372206864135 80 112159703995557 46 98856431794635 80 94725494564533 80 104458745569592 80 107252396528176 80 95918343325697 54 98702500172157 80 101173890192025 54 107478603446198 73 104247695536530 54 97538764085661 54 108840772274167 73 108291170054573 46 99468694818683 80 96289948687859 80 99682170014574 63 112116082671413 46 104266097119669 80 98519825568511 63 96841392722098 46 102142071735789 73 94581091834002 46 104930968527522 54 103896157723833 54 96263882996420 73 104575211016353 54 98553190532134 73 93273695893609 54 104761622490866 63 96001055365878 80 95072475964995 54 101603378950999 54 113360335976679 63 96737085619491 80 102121399454504 80 104472864416104 80
3 32
2210863807223896 48 2351200297118877 89 2369740968945400 20
116250256798369 95 296813953462075 37 295191469777265 13 272784003215664 61 190057423555998 58 333390235477884 53 268137030313269 28 197810579025680 19 161490721188601 39 112294851062700 69 235104248173895 75 213481351570219 72 292529197712329 7 249489400351335 38 104099793256698 31 228626040634218 90 148707404941509 20 149724202736812 65 324367139872366 2 198906051947153 84 347093588907091 78 156537456556896 5 223242592931534 27 120630391559958 70 442728825267295 26 189293900894532 82 158479080085880 63 176140396711615 46 104227250843104 83 220295296448255 48 115679565551933 74 249059732927504 99
3 69
5853898236140042 63 5782316831265103 72 5913211980907000 63
370272912427566 72 251862563748619 63 259789566340353 63 275128634374131 63 364529645008950 72 300973469764456 72 386704567682860 63 382364031022410 72 248070968624180 72 248516460459759 63 168661128919801 63 231118783106592 63 429405789369644 72 248298456005303 72 263280926356452 63 144324274973003 72 402957544045361 63 209274993504634 72 170509570459801 63 282340668037118 63 211313802906639 72 269425152248764 63 359364524380744 72 201865527880688 72 267910205763132 63 307537318718918 72 324245663550398 72 258379386003528 63 277447365698439 63 198273167875488 63 149524403192042 63 206577502401539 63 251390846822864 63 123786153473771 72 288198934091184 72 269423439223334 63 177498970840919 72 153288390553991 72 157637513024754 72 137201403341850 72 373181856720410 72 345480900190658 63 226543579215992 63 367320160653032 63 291392300258351 63 302235803692582 72 127909717909845 72 267172784086424 72 175851590512429 72 262007522762038 72 344841165490426 63 311953846696188 63 329577373989111 72 209768290149506 63 373937134152600 63 299497647386175 63 67580658418609 72 78215473014824 72 278594692371360 63 107600513203534 72 414480394678082 72 219777608091593 63 352153185854903 63 236054339803089 63 258761413476519 72 157172510864632 72 267500792186188 63 306046802378916 63 454204311806211 63
3 39
3625923269621853 63 3558874014700833 38 3642413019723848 63
347199248375625 19 256412070975575 19 278200808112811 34 344661803203980 24 235654080538866 19 220954515941986 34 311206996988133 63 332908055590989 34 273351377238043 34 412841396585963 34 354469104561283 34 261622776844775 19 259161948970333 34 275840821572364 19 357055385260981 38 282332404119695 38 237476244163531 19 240618639091689 34 283075651468685 19 365480438496622 34 271944120689340 19 258482337219730 19 223287842638384 63 368010751201449 34 271388072853204 19 323474917500972 34 296124702292233 34 236952098366416 34 295101523979019 63 313873415379796 34 323217187480878 19 268998516131783 63 274893266795221 34 263499496072854 38 268913822885500 24 229667176421026 34 308406307594032 19 418784925816106 63 283318388509183 34
3 55
1422213016430450 98 1417994471962452 89 1403190133729427 23
48817866991902 58 46191804039001 92 70749915420243 50 93656416396216 23 86218777869342 73 122927608072475 70 91338271633202 18 74489182420672 33 37380200864783 54 94182694963759 89 79042753070211 7 107268650340062 98 135175856494326 43 56767610165616 80 51487642776286 42 56173147320995 58 85710649256746 70 90335640259962 92 69086730725227 98 77826690364850 43 42907369864515 23 107560885015876 7 100547819421720 50 41402230471371 73 66039889987220 89 55684030470413 42 82228270050657 18 84227605765144 80 110443450744666 54 93916106467433 33 62186534257169 42 94109777624546 92 66584265537852 23 63691704300869 98 100701698151208 54 68565209890893 89 69147572362657 50 91679752749400 73 84397193227531 43 68742679610063 80 69047727454191 7 73764198135377 70 121325889105103 18 70030751039818 58 75933076888000 33 88499401520638 42 67457048555832 70 50459643922525 73 64188033201400 92 112363209904212 7 107352224368148 54 109843495856654 33 63519785338572 89 63853383278603 18 91878109828587 80
3 94
5765640417746626 18 5768266493406619 70 5792261830580354 18
130676936633065 18 116710314040013 70 133340466524832 18 158419173074928 18 294722944760853 70 233592490498735 18 283692647312478 18 178225262409727 18 148750825243147 18 169340515572530 70 118497805515258 18 185817825846545 70 48131547380970 18 254300179928104 18 176385124759599 18 96220505020280 70 153288877055277 18 240527917088613 70 135482038190945 70 304968171712690 18 318677888077275 18 207927338782297 18 188652928789577 70 291832882847427 18 169651544307158 18 249866197571766 70 160082124941250 70 175525578767524 18 135455414674245 18 70899046239871 70 187002481241141 70 170067771499535 18 195550755170133 70 150050017728266 18 86213908457951 18 140238964138338 18 271453147211541 18 104345356806795 18 125014058961224 18 180988546603988 18 128387634814990 18 161285035944117 70 188261049036837 70 133450882908277 70 154549286596501 70 185413017619140 70 162279339084845 18 207654306726024 18 218680273812310 18 169112807522869 18 270065102373003 18 94028153672949 18 278612391934169 70 173426610105313 18 160017264293894 70 166450856400960 18 332854512903036 18 230959044045214 70 93054408393723 18 132485929136580 18 221473047923720 18 178655018177973 18 165442824526459 18 255618821114228 70 188062007261929 70 183030061823987 70 194216180952619 18 214418742969507 70 182552640238349 18 217840447286827 70 127625922875761 70 306912693422022 18 190610849194022 70 232648561635882 18 225657095378610 18 112137436566991 18 143294638107030 18 194891451831939 18 246460646210072 18 120636475447356 70 113821884855617 70 145186251926393 18 224519175440342 18 269484662638159 70 225780635626283 70 263087982709694 70 164093463449966 18 181384869989519 18 190472306090221 18 122936969335108 18 111758541773440 18 192216626302575 18 204102939824360 18 228102132026381 18
3 85
4287712924836353 99 4357791084350295 99 4266162882464174 63
184986424710305 99 212486336475859 99 104836987693692 63 118816026137206 99 102818643990999 99 87379503861070 99 125633698319943 15 173448673708977 3 233493756739412 99 204671762327293 99 132139424955884 15 138368439840940 63 173011173082166 63 128754123689496 3 146340244300572 99 121970128887838 63 120787819167630 63 125156661604454 3 125698453803657 99 194951672903925 99 141804196755313 63 122892088672134 99 136559695931272 63 108204345352388 63 186536749579243 99 130875123945921 63 179578225778329 15 121695607969602 99 173488235825150 15 148521280428693 99 178561432338357 3 121803644409014 63 127676445311958 63 172203478175648 3 185968063293860 15 219316180415287 15 151241534030685 63 193959245085569 3 125154019547481 63 182327456366861 63 189258754185368 15 134561850234198 63 142776910063714 63 122599716445878 15 175431084312538 63 141911220564488 99 114032955728416 63 103776223418005 99 125711608709922 99 168848275582207 99 157234678938187 15 227449168820416 15 180462170693082 99 190205091701330 15 153041663994801 15 96465678482329 63 146769055674776 99 158415786619679 63 173388565785504 3 185706437736245 17 189923068898020 17 141417890456225 3 144096796625117 63 247498276418344 63 148943768958099 3 176801304343160 63 170155182548755 99 165299496663217 15 156080574083372 99 156724861492578 15 126032555602791 99 81384116530586 99 146291875754700 63 158448874794108 3 174733860613480 99 151821731235655 99 152538062845395 63 166935994911708 17 127337444990121 63 136697108645021 63 217024866739584 63 111406839912100 63 148469943618874 63 180895350251639 99 217075264885298 3
3 72
4026243740801823 17 4005110659234471 83 3973281877979507 58
181310795696901 73 184766250665034 83 132754992151585 98 153613260692038 5 144779306358880 77 134449317653382 64 146979670950856 40 168760717835731 96 214798548127761 79 179181686039345 46 180606209165622 3 234321035996933 43 165665230111356 81 160413623099387 28 157927018869760 19 169166043058063 70 132643325490111 53 221916431455061 26 136191159832579 93 163568374692646 62 200788745035201 10 171201483795492 16 176969845463495 66 180892273463685 84 114673050939328 50 196869167340783 99 181702837977210 24 183203821718034 61 132761597065457 7 134017014746970 69 198057290732430 44 150076799443644 54 158310032378890 39 140655415249162 100 175560212576102 33 186461096063947 92 167685569163533 58 160734652611306 18 158056356599692 17 140888864615673 92 156655975922165 28 232082950856775 50 145408179638525 98 186637624949503 84 146585339151923 83 128064953159096 16 135488196672739 64 196132723442340 33 164002921467967 61 122897347193168 40 187740956350782 70 212473124620923 99 207566231865877 46 204216020950532 5 180664199268803 26 144952081646059 66 232063665587218 58 202673664634821 24 172569535382255 69 151593323831067 43 179753110285721 53 140540644067351 7 120410342999472 79 201350304143130 73 179386971871419 77 177019013001190 10 153231757650275 54 105214669025458 62 168249783317556 93 189697477630524 44 166037414495717 96 125598902138091 81
3 13
448396150216412 88 491382514057081 21 465211121834242 88
68486736710118 88 116941818504432 88 40423873538123 88 1 88 47318213123371 21 29493742292517 21 1 21 25441359779818 88 139036383602542 21 191043213742647 21 22004450822033 88 72100262107987 88 37742042149352 88
3 78
5618178668027752 29 5567891607423072 85 5400381325506125 15
177364387979080 85 269499699642342 15 236651477425680 85 321327408421161 15 184596394353079 85 340799605830239 60 198454312516989 85 70864074961030 15 256962189483035 60 261017224627708 85 347186323107721 15 110281774609046 15 225890459127707 29 397383446821642 29 211892735423497 15 290879409188268 85 214928525224367 15 342754113294643 29 292121157698638 29 184205274572947 85 62101147183978 15 156232680582165 85 250627806166492 15 162529564931623 85 200717534475674 15 173450660724230 85 279820512133732 60 302020537448383 29 222286310945942 60 248962035219299 60 218640695103787 15 192101868461349 29 143912197347079 29 119770209135029 85 93003796231261 15 136776964133186 29 230072389392053 15 243790422389832 85 94113626415507 15 156125076378069 15 252551939720600 85 207379882197839 85 174066487061558 29 146607299076723 85 118133653819658 15 145641432073348 29 206154816346518 85 202142991593858 85 279151041984163 85 279554366494455 85 255459618328166 85 137104899802967 29 144850880689378 85 91331314851423 29 319554088844332 15 246795806095421 15 169139108406491 85 226240485016784 29 100345971281435 85 214039117072167 85 166914731005959 60 256288656771939 85 403660440736816 85 286277083597656 29 318343186897868 85 298212983607318 85 164619056293560 15 285998883926864 85 326885102726446 29 290822999508373 29 301480344716407 60 300257687582757 85 171749507178506 85 130754668145957 85 235611568136780 60 309855898912343 60 262925080183393 60 177213569434802 15
