100
562 840
1 1000
1 6
464 720
419 420
346 726
9 122
354 919
1 104
3 109
1 2
483 485
3 122
217 716
3 5
1 221
792 894
9 302
9 121
3 6
92 854
171 485
1 5
4 6
10 120
1 65
303 485
100 1000
147 888
322 760
3 10
1 109
164 944
7 302
628 863
382 414
7 10
384 484
333 394
122 1000
88 992
457 964
3 584
3 121
21 484
8 121
1 302
211 820
400 503
508 762
630 659
1 9
1 742
1 4
750 930
7 584
1 484
219 939
65 121
3 104
8 584
1 1
87 953
21 485
8 221
533 686
21 122
4 742
122 483
65 485
65 122
658 764
1 584
484 484
298 741
1 10
111 946
418 656
483 742
484 485
1 121
303 484
9 221
876 898
22 550
9 584
65 584
3 4
8 10
96 184
120 485
121 484
120 484
290 518
65 302
81 275
539 709
215 929
65 742
120 121
