25
10 50
2 8 5 5 4 12 2 5 8 6
1 1 4
13 5 10 11 13 9 2
10 2 13 5
8 0
11 0
2 2 13 13
12 2 11 8
10 2 1 9
13 1 5
11 5 3 11 4 1 2
1 2 8 9
9 0
13 2 2 13
1 2 1 4
7 5 3 3 12 3 4
9 1 10
12 3 9 8 5
7 3 4 3 5
6 1 11
8 0
11 1 11
9 0
2 1 3
2 4 12 4 2 6
13 3 9 6 13
8 2 12 8
2 2 3 9
3 4 6 4 7 9
1 1 3
9 0
10 2 6 4
2 0
10 3 8 12 11
6 2 4 1
11 4 13 8 8 11
10 1 4
9 3 1 11 9
9 0
6 0
8 1 9
8 2 7 10
8 2 5 3
5 0
7 2 3 6
8 3 6 6 7
13 1 6
2 3 2 8 8
9 3 10 13 6
8 0
9 1 8
2 200
150 186
61 2 113 191
183 2 182 61
128 1 183
97 2 147 128
168 3 131 176 97
35 5 54 57 42 94 168
149 1 35
47 2 197 149
31 1 47
93 1 31
161 3 66 93 93
46 3 186 28 161
160 1 46
162 4 106 121 55 160
174 3 179 70 162
77 3 13 85 174
150 6 107 118 75 47 77 170
109 1 150
172 1 109
178 1 172
42 1 178
132 1 42
144 2 79 132
167 4 195 74 104 144
99 1 167
29 1 99
15 4 160 115 29 174
119 1 15
115 4 68 66 96 119
157 2 87 115
135 1 157
156 1 135
130 1 156
181 3 174 130 169
56 2 47 181
85 1 56
54 1 85
38 2 73 54
45 1 38
194 2 164 45
116 3 196 88 194
180 2 155 116
191 1 180
133 2 26 191
113 1 133
190 1 113
82 1 190
124 2 67 82
88 1 124
96 1 88
91 2 96 96
158 1 91
107 1 158
3 2 180 107
18 1 3
118 1 18
9 1 118
199 2 53 9
8 2 10 199
14 1 8
200 1 14
175 2 178 200
196 4 85 158 175 179
125 2 180 196
155 2 168 125
89 1 155
84 3 38 71 89
71 1 84
78 3 173 162 71
34 2 177 78
20 1 34
198 1 20
95 2 197 198
30 2 68 95
166 3 20 197 30
139 2 36 166
164 1 139
142 2 136 164
76 1 142
25 3 176 76 38
16 3 107 40 25
189 2 193 16
81 2 123 189
68 4 101 28 81 120
111 1 68
40 1 111
163 1 40
182 2 196 163
131 1 182
134 1 131
179 1 134
98 1 179
141 2 11 98
112 2 45 141
44 2 161 112
33 1 44
121 3 156 134 33
63 1 121
101 3 118 63 178
173 2 168 101
13 2 59 173
94 2 80 13
83 2 64 94
27 2 161 83
41 2 90 27
67 1 41
103 2 82 67
11 3 49 11 103
57 1 11
39 3 200 10 57
24 1 39
48 5 141 120 165 131 24
153 3 160 76 48
192 2 27 153
32 1 192
171 2 86 32
28 2 21 171
152 2 139 28
147 1 152
55 1 147
37 2 93 55
104 1 37
7 2 55 104
6 2 125 7
70 2 20 6
22 2 167 70
110 1 22
59 2 113 110
86 3 116 58 59
120 1 86
105 1 120
72 2 77 105
145 1 72
87 1 145
17 3 28 24 87
159 2 114 17
1 3 93 40 159
58 3 19 144 1
50 3 133 31 58
108 2 199 50
65 1 108
126 3 163 198 65
138 3 96 21 126
23 2 11 138
53 2 155 23
10 1 53
5 2 180 10
154 3 130 50 5
122 1 154
80 3 77 93 122
4 2 150 80
185 3 170 4 200
90 3 150 37 185
187 1 90
100 2 199 187
106 2 193 100
43 2 24 106
21 3 91 121 43
2 3 177 21 189
188 3 74 107 2
79 2 187 188
102 1 79
184 1 102
117 2 49 184
176 2 76 117
127 3 89 176 10
69 1 127
36 3 179 69 72
74 1 36
136 1 74
129 3 76 136 102
165 1 129
26 3 59 148 165
148 3 125 190 26
177 4 171 148 112 71
114 1 177
51 2 159 114
52 3 47 179 51
64 2 100 52
12 1 64
123 4 87 76 12 106
170 4 16 123 156 161
143 2 75 170
197 2 157 143
169 1 197
19 1 169
66 4 161 34 19 198
146 3 104 66 134
75 3 44 146 37
62 1 75
92 1 62
195 4 6 98 61 92
151 3 197 66 195
137 2 195 151
140 2 83 137
193 1 140
60 4 173 193 180 160
49 3 30 40 60
73 2 101 49
186 1 73
8 20
4 43 34 40 20 24 46 22
24 6 37 19 27 50 19 9
4 9 42 26 20 11 8 12 7 5 1
42 3 38 33 22
16 10 31 50 30 12 27 1 26 28 47 34
11 8 17 8 37 37 27 36 50 28
4 2 12 5
35 6 6 13 11 43 14 5
22 8 50 22 28 35 23 5 37 28
13 12 7 40 10 42 21 43 47 43 8 16 32 11
9 6 48 28 31 16 19 47
29 5 43 8 37 38 21
28 5 1 14 11 12 18
32 7 47 28 33 36 12 15 32
25 4 46 22 30 41
3 7 29 48 47 20 48 5 31
19 3 38 46 44
8 5 5 45 39 44 33
24 8 17 37 26 13 5 40 43 17
21 13 19 4 10 41 24 9 14 35 27 3 19 32 33
7 5 32 9 17 20 30
2 200
10 20
17 1 1
18 0
11 3 28 30 1
17 5 21 24 20 6 19
14 2 12 23
17 1 2
19 2 5 4
5 1 17
22 3 21 1 23
22 0
28 2 24 26
7 2 19 26
27 1 3
16 2 13 16
10 2 8 29
20 3 12 28 6
7 1 1
30 2 16 29
5 3 4 23 17
10 0
17 2 4 20
9 1 29
6 2 28 17
3 6 23 2 22 16 1 13
17 3 20 18 27
21 5 7 6 25 27 23
25 4 12 29 4 12
20 5 13 5 5 18 4
2 2 24 24
4 1 22
30 3 22 29 18
10 2 28 29
14 1 1
10 1 15
26 0
27 2 11 29
18 2 24 13
7 5 8 28 9 17 3
23 2 20 28
2 2 27 29
28 2 19 11
12 1 8
30 3 18 25 25
24 0
28 3 16 16 22
9 3 9 24 30
13 1 21
4 0
30 4 20 17 19 20
9 1 21
6 0
16 1 7
9 1 10
3 2 15 18
11 1 29
25 4 20 12 24 24
15 1 7
27 1 16
6 1 8
8 3 25 11 11
1 1 21
5 2 14 3
18 4 12 15 17 27
6 3 19 10 3
6 1 13
5 5 11 10 22 4 12
24 0
16 0
11 3 12 10 18
16 2 30 15
17 2 7 27
30 2 5 17
20 1 17
16 2 24 17
15 2 19 2
9 2 23 19
17 1 13
19 1 24
4 1 17
16 3 22 4 23
27 1 10
9 2 8 21
2 3 26 26 23
5 2 20 10
3 3 26 8 8
4 1 16
21 1 9
9 2 15 15
30 1 11
27 4 7 19 26 4
17 2 15 13
22 3 13 5 11
23 2 7 11
26 1 18
27 4 27 25 16 15
21 3 18 6 2
22 3 9 19 4
12 3 29 4 30
6 0
25 4 9 5 23 23
20 3 26 18 16
14 2 17 15
24 0
9 5 26 12 28 18 8
29 3 5 26 27
1 3 21 16 8
17 2 25 1
15 3 22 2 6
19 1 8
20 3 29 3 14
1 2 11 25
16 1 13
21 1 18
24 1 23
12 2 11 11
15 3 21 30 19
19 1 29
3 0
24 0
18 0
21 3 10 19 6
2 1 8
2 1 19
13 1 25
19 4 30 22 29 26
20 1 8
25 0
10 0
2 4 21 27 8 12
30 0
4 1 21
21 1 26
13 0
28 3 27 9 23
21 3 19 25 9
4 1 10
28 4 10 20 29 28
29 3 15 7 18
18 2 19 11
8 4 14 17 21 12
10 1 27
10 5 4 30 20 5 10
23 5 18 5 3 28 3
22 1 12
25 1 8
27 4 14 23 25 16
7 1 25
13 0
29 6 30 2 14 8 10 23
22 3 27 28 3
23 4 15 5 8 14
11 0
15 6 13 23 14 21 10 1
24 1 11
23 3 3 23 22
3 2 16 19
13 5 7 8 26 19 9
18 3 24 25 23
12 2 6 10
14 2 11 27
9 3 5 5 6
16 2 22 25
26 2 3 17
14 1 11
5 2 28 8
16 3 7 18 6
17 1 2
24 0
14 3 24 28 28
26 1 30
1 0
24 1 5
28 0
16 1 28
15 2 30 26
22 1 2
12 6 4 16 25 19 7 15
13 2 13 20
27 2 19 19
2 1 22
4 2 10 24
19 1 26
12 4 20 1 26 27
10 1 4
12 1 27
26 4 11 8 19 17
12 0
24 2 26 4
5 3 22 23 30
24 1 4
30 4 9 6 25 28
14 2 22 24
1 1 1
25 1 1
19 1 29
5 0
11 0
5 0
20 2 4 3
16 1 1
1 200
113
111 1 161
140 1 100
39 1 159
75 1 91
74 1 115
10 1 172
102 1 193
178 1 29
134 1 141
92 1 1
33 1 37
73 1 181
194 1 128
121 1 17
155 1 119
47 1 180
35 1 165
127 1 16
135 1 7
148 1 86
57 1 74
55 1 123
9 1 82
109 1 142
60 1 15
86 1 69
179 1 3
65 1 58
126 1 96
58 1 173
131 1 39
95 1 164
162 1 36
161 1 30
136 1 132
18 1 171
182 1 22
100 1 177
26 1 62
174 1 175
138 1 68
42 1 40
118 1 24
98 1 71
171 1 184
200 1 42
69 1 127
19 1 149
30 1 146
44 1 23
154 1 46
37 1 38
192 1 118
43 1 95
175 1 148
54 1 135
104 1 136
15 1 94
158 1 138
88 1 43
193 1 81
89 1 174
97 1 133
110 1 144
38 1 61
82 1 156
149 1 78
7 1 166
115 1 155
77 1 114
177 1 52
137 1 54
67 1 129
93 1 33
71 1 163
157 1 125
6 1 158
172 1 80
189 1 97
145 1 176
114 1 50
196 1 70
11 1 110
41 1 124
94 1 55
62 1 143
99 1 194
56 1 168
159 1 137
70 1 85
66 1 189
184 1 59
79 1 200
119 1 169
32 1 107
185 1 188
23 1 31
195 1 102
63 1 84
120 1 66
80 1 162
107 1 103
84 1 145
112 1 134
101 1 53
16 1 126
146 1 153
133 1 10
3 1 152
5 1 21
68 1 108
129 1 25
187 1 121
64 1 83
59 1 196
128 1 170
2 1 160
183 1 64
167 1 2
173 1 106
105 1 72
50 1 67
197 1 20
150 1 117
199 1 90
25 1 192
91 1 116
147 1 44
13 1 14
96 1 122
78 1 109
87 1 140
117 1 48
108 1 27
46 1 167
90 1 49
123 1 13
28 1 190
142 1 199
163 1 77
124 1 179
4 1 198
168 1 195
165 1 89
31 1 32
17 1 51
81 1 65
83 1 139
53 1 12
21 1 87
180 1 99
36 1 92
132 1 60
125 1 185
152 1 157
103 1 6
12 1 76
48 1 5
156 1 8
34 1 98
198 1 63
176 1 104
191 1 45
27 1 183
20 1 35
186 1 47
49 1 178
40 1 150
8 1 197
52 1 160
45 1 57
61 1 120
190 1 191
122 1 26
1 1 79
181 1 131
169 1 18
153 1 105
116 1 186
51 1 73
164 1 101
130 1 147
14 1 34
151 1 112
24 1 28
170 1 19
85 1 56
29 1 151
143 1 93
141 1 154
22 1 88
106 1 9
72 1 11
113 1 75
188 1 182
139 1 187
166 1 41
160 1 130
144 1 4
76 1 111
4 123
181 52 120 12
1 3 96 110 189
159 1 9
33 3 146 106 47
129 5 150 168 119 67 2
23 7 108 151 89 104 44 187 28
183 5 169 15 61 20 141
15 5 188 43 34 13 22
121 2 65 148
45 4 70 160 22 41
179 3 57 43 146
24 3 105 11 190
81 2 96 192
64 4 117 171 171 27
91 4 165 105 28 79
17 0
124 3 124 195 43
32 6 12 178 129 127 96 190
5 3 50 53 99
182 5 128 195 60 39 85
60 3 78 123 104
1 3 100 14 167
1 3 47 85 33
75 4 164 15 68 144
144 2 95 130
31 3 153 20 63
20 3 90 73 79
62 2 107 158
29 5 87 179 185 83 69
173 2 116 159
65 2 104 123
9 3 8 26 86
125 5 130 28 133 180 160
23 1 124
42 1 184
53 2 147 22
197 6 167 77 74 156 100 171
176 2 94 148
67 6 124 133 80 121 35 82
118 3 65 73 199
20 3 58 1 76
197 1 124
93 1 127
52 2 155 113
61 2 106 135
183 1 144
20 5 108 23 178 74 65
184 5 127 59 52 2 53
167 1 78
24 1 53
166 6 91 22 165 32 77 2
178 2 189 75
176 2 112 54
118 4 6 115 179 171
5 4 145 24 130 103
71 4 26 65 165 54
148 2 148 166
176 1 102
132 2 172 166
129 3 162 146 79
148 4 160 158 111 186
196 6 56 110 91 137 200 47
89 0
72 5 100 56 8 6 115
171 1 48
82 6 68 164 40 28 66 195
76 5 37 70 154 115 171
119 5 4 100 41 183 23
58 5 173 71 189 147 107
142 4 12 51 194 146
36 3 48 71 8
29 2 17 115
139 3 17 93 80
128 3 178 113 36
33 0
199 4 154 64 61 104
63 4 64 187 173 169
52 3 127 143 51
134 3 62 1 200
181 1 19
28 3 63 94 112
99 4 83 155 142 19
158 2 154 55
3 2 13 22
168 5 74 177 58 132 161
162 4 11 109 84 169
74 3 164 7 14
116 3 170 164 45
137 3 72 154 175
157 4 49 128 56 135
196 0
36 5 16 173 186 148 172
105 1 8
84 3 108 155 145
59 2 31 27
27 2 57 21
166 3 166 35 198
134 3 13 185 113
145 4 149 59 122 148
23 4 78 162 38 71
28 2 100 157
133 3 76 166 57
3 7 180 65 170 120 199 164 169
166 2 45 56
12 3 115 45 182
35 2 67 156
116 3 106 165 76
26 2 129 119
39 5 8 135 155 171 27
1 2 104 48
6 5 198 117 69 115 192
66 7 49 176 101 59 127 188 154
100 6 92 51 120 58 28 171
116 2 182 73
68 4 119 186 86 188
19 1 116
29 1 141
93 7 172 131 178 44 143 185 99
134 6 43 128 11 199 10 26
118 5 176 80 133 92 26
50 3 34 120 101
81 5 151 128 54 152 128
153 3 102 168 45
106 2 149 51
1 84
1
1 0
1 1 1
1 4 1 1 1 1
1 0
1 4 1 1 1 1
1 1 1
1 0
1 4 1 1 1 1
1 0
1 1 1
1 0
1 4 1 1 1 1
1 4 1 1 1 1
1 1 1
1 1 1
1 4 1 1 1 1
1 0
1 0
1 4 1 1 1 1
1 1 1
1 0
1 0
1 2 1 1
1 0
1 0
1 1 1
1 0
1 0
1 0
1 4 1 1 1 1
1 0
1 0
1 0
1 0
1 0
1 0
1 1 1
1 0
1 0
1 1 1
1 0
1 0
1 0
1 3 1 1 1
1 0
1 0
1 5 1 1 1 1 1
1 1 1
1 0
1 1 1
1 0
1 0
1 5 1 1 1 1 1
1 0
1 4 1 1 1 1
1 0
1 0
1 4 1 1 1 1
1 0
1 0
1 0
1 4 1 1 1 1
1 4 1 1 1 1
1 1 1
1 1 1
1 0
1 0
1 0
1 1 1
1 0
1 0
1 1 1
1 0
1 0
1 0
1 0
1 1 1
1 0
1 4 1 1 1 1
1 0
1 1 1
1 0
1 0
1 0
18 127
16 14 11 20 13 1 7 17 15 18 8 11 29 28 10 17 25 23
8 4 20 28 29 24
30 4 13 30 10 3
2 3 17 29 6
19 5 25 16 2 2 1
4 1 2
4 5 28 16 16 7 9
29 2 30 23
30 2 9 16
25 1 19
2 1 4
31 3 24 13 7
27 5 4 23 22 5 20
17 2 11 6
15 3 17 24 14
7 2 31 25
25 4 29 14 20 5
4 3 17 3 3
19 5 11 23 8 12 11
25 4 19 22 12 29
10 2 27 27
2 6 24 8 17 6 9 16
6 5 19 28 17 9 14
25 2 13 28
8 3 4 15 22
17 3 27 5 20
20 2 19 31
4 1 14
24 0
3 2 25 17
26 1 6
16 3 30 26 14
10 1 26
24 4 18 5 30 16
15 5 14 29 22 23 26
26 4 31 12 17 8
27 1 1
18 3 5 25 15
23 1 24
24 2 31 8
11 4 13 8 23 15
22 5 15 28 29 19 12
23 4 13 17 2 26
5 3 16 3 9
8 1 20
6 2 31 30
11 5 14 13 7 1 29
1 4 24 24 7 13
7 5 20 29 15 15 22
28 2 3 25
24 2 5 11
14 4 27 29 9 29
27 3 18 25 7
29 2 18 11
5 5 28 13 6 17 31
3 3 27 18 6
14 6 21 3 18 4 30 5
22 1 19
5 4 8 24 13 20
7 1 18
24 6 22 2 1 7 7 25
30 4 11 13 21 11
20 2 17 7
31 3 10 10 12
21 9 4 12 4 2 30 28 14 16 6
3 3 7 25 14
25 2 30 19
14 1 13
21 6 21 17 13 16 30 1
15 4 14 20 29 21
6 7 6 7 12 14 8 17 16
29 2 20 4
5 5 12 8 17 28 29
28 5 2 15 31 5 22
2 3 5 18 23
12 4 16 11 26 29
1 5 2 29 14 22 15
11 3 28 7 24
11 1 9
7 1 9
5 3 21 26 20
3 2 5 14
19 2 25 29
31 2 1 23
31 2 2 13
23 3 29 26 7
1 3 14 22 24
12 3 25 20 5
14 3 16 4 7
5 1 18
18 2 24 31
4 2 20 16
1 3 18 19 5
4 1 28
4 7 31 31 13 22 8 27 8
21 5 24 3 2 13 23
6 2 27 24
28 3 21 28 7
4 6 4 17 29 23 7 6
24 2 13 26
11 4 12 22 30 14
7 2 6 16
20 1 25
16 2 13 30
4 0
19 4 16 30 14 17
25 3 11 13 30
4 2 4 28
29 0
4 2 1 21
8 2 17 1
2 3 20 17 5
6 2 20 9
26 3 22 9 21
31 4 8 16 4 18
4 5 16 30 17 11 8
18 2 22 9
31 3 4 3 24
15 1 10
29 0
2 3 22 3 22
30 6 28 20 18 18 2 23
1 2 3 3
2 1 8
2 4 24 18 2 20
2 5 15 10 2 12 1
21 6 7 16 11 16 17 8
5 1 21
400 200
5 5 5 5 5 5 5 5 5 5 5 5 5 5 5 5 5 5 5 5 5 5 5 5 5 5 5 5 5 5 5 5 5 5 5 5 5 5 5 5 5 5 5 5 5 5 5 5 5 5 5 5 5 5 5 5 5 5 5 5 5 5 5 5 5 5 5 5 5 5 5 5 5 5 5 5 5 5 5 5 5 5 5 5 5 5 5 5 5 5 5 5 5 5 5 5 5 5 5 5 5 5 5 5 5 5 5 5 5 5 5 5 5 5 5 5 5 5 5 5 5 5 5 5 5 5 5 5 5 5 5 5 5 5 5 5 5 5 5 5 5 5 5 5 5 5 5 5 5 5 5 5 5 5 5 5 5 5 5 5 5 5 5 5 5 5 5 5 5 5 5 5 5 5 5 5 5 5 5 5 5 5 5 5 5 5 5 5 5 5 5 5 5 5 5 5 5 5 5 5 5 5 5 5 5 5 5 5 5 5 5 5 5 5 5 5 5 5 5 5 5 5 5 5 5 5 5 5 5 5 5 5 5 5 5 5 5 5 5 5 5 5 5 5 5 5 5 5 5 5 5 5 5 5 5 5 5 5 5 5 5 5 5 5 5 5 5 5 5 5 5 5 5 5 5 5 5 5 5 5 5 5 5 5 5 5 5 5 5 5 5 5 5 5 5 5 5 5 5 5 5 5 5 5 5 5 5 5 5 5 5 5 5 5 5 5 5 5 5 5 5 5 5 5 5 5 5 5 5 5 5 5 5 5 5 5 5 5 5 5 5 5 5 5 5 5 5 5 5 5 5 5 5 5 5 5 5 5 5 5 5 5 5 5 5 5 5 5 5 5 5 5 5 5 5 5 5 5 5 5 5 5 5 5 5 5 5 5 5 5 5 5 5 5 5 5 5 5 5 5
5 0
5 0
5 0
5 0
5 0
5 0
5 0
5 0
5 0
5 0
5 0
5 0
5 0
5 0
5 0
5 0
5 0
5 0
5 0
5 0
5 0
5 0
5 0
5 0
5 0
5 0
5 0
5 0
5 0
5 0
5 0
5 0
5 0
5 0
5 0
5 0
5 0
5 0
5 0
5 0
5 0
5 0
5 0
5 0
5 0
5 0
5 0
5 0
5 0
5 0
5 0
5 0
5 0
5 0
5 0
5 0
5 0
5 0
5 0
5 0
5 0
5 0
5 0
5 0
5 0
5 0
5 0
5 0
5 0
5 0
5 0
5 0
5 0
5 0
5 0
5 0
5 0
5 0
5 0
5 0
5 0
5 0
5 0
5 0
5 0
5 0
5 0
5 0
5 0
5 0
5 0
5 0
5 0
5 0
5 0
5 0
5 0
5 0
5 0
5 0
5 0
5 0
5 0
5 0
5 0
5 0
5 0
5 0
5 0
5 0
5 0
5 0
5 0
5 0
5 0
5 0
5 0
5 0
5 0
5 0
5 0
5 0
5 0
5 0
5 0
5 0
5 0
5 0
5 0
5 0
5 0
5 0
5 0
5 0
5 0
5 0
5 0
5 0
5 0
5 0
5 0
5 0
5 0
5 0
5 0
5 0
5 0
5 0
5 0
5 0
5 0
5 0
5 0
5 0
5 0
5 0
5 0
5 0
5 0
5 0
5 0
5 0
5 0
5 0
5 0
5 0
5 0
5 0
5 0
5 0
5 0
5 0
5 0
5 0
5 0
5 0
5 0
5 0
5 0
5 0
5 0
5 0
5 0
5 0
5 0
5 0
5 0
5 0
5 0
5 0
5 0
5 0
5 0
5 0
5 0
5 0
5 0
5 0
5 0
5 0
1 30
2
3 1 5
4 3 5 4 3
2 1 1
3 2 1 6
2 0
4 0
4 2 6 5
6 1 2
3 3 4 5 3
2 3 3 2 4
2 2 3 4
6 2 2 3
2 1 2
3 1 3
2 1 2
2 1 2
1 1 4
4 0
5 0
3 2 1 3
4 0
1 2 2 4
3 0
1 3 6 5 3
1 3 4 3 5
1 1 1
2 2 6 1
3 2 6 6
4 2 5 2
2 1 2
8 50
10 5 6 9 1 7 13 8
11 7 5 5 6 9 9 10 5
10 2 15 11
2 1 13
13 2 1 11
15 3 15 14 9
15 0
9 5 3 15 12 9 14
8 0
11 3 11 12 2
13 1 14
1 0
12 2 10 9
4 2 5 11
12 2 5 7
12 4 11 9 14 7
4 2 5 12
12 4 15 12 14 6
7 2 6 13
6 3 9 4 6
13 2 1 5
8 2 8 12
15 3 11 4 14
4 1 15
2 2 15 2
12 3 9 15 11
9 0
2 1 2
4 1 5
8 4 14 5 6 6
6 3 6 9 9
11 1 5
3 0
1 1 1
4 1 3
15 1 2
7 4 14 9 10 4
10 2 11 7
9 2 6 14
6 2 3 6
6 4 11 2 15 15
13 1 2
6 3 3 11 6
9 1 1
1 4 15 5 4 11
2 2 7 12
5 4 9 5 1 15
11 3 4 13 11
5 5 13 2 2 8 4
12 2 15 6
9 2 9 4
4 200
10 6 8 9
8 2 10 2
11 0
5 0
4 3 2 7 13
15 1 15
8 1 14
14 2 10 11
6 0
9 2 10 6
12 0
2 1 6
14 1 1
3 2 2 13
8 2 5 10
7 2 7 10
15 1 2
3 1 12
7 2 2 6
11 1 6
7 1 7
3 2 11 9
13 0
2 1 3
3 4 5 14 13 12
14 0
9 1 15
1 0
14 0
7 0
14 0
9 0
6 2 11 15
1 2 8 7
5 2 5 7
9 1 9
15 0
4 3 2 4 8
14 1 9
13 2 7 7
12 1 8
3 2 8 8
6 2 3 7
2 5 4 1 6 15 3
5 1 1
5 2 12 14
8 1 11
11 3 2 6 5
7 0
6 3 8 7 15
6 1 10
5 1 14
9 0
11 2 1 14
7 3 10 6 3
3 1 3
1 1 10
7 0
11 2 2 4
15 1 12
5 1 6
9 1 11
15 1 9
10 2 7 9
1 2 11 14
11 3 11 4 1
10 0
8 1 7
14 6 2 5 9 14 13 8
9 2 5 14
5 0
2 3 5 15 13
3 2 2 11
10 2 3 13
10 1 9
7 3 15 10 1
14 0
2 1 9
9 1 3
12 3 1 3 11
8 2 8 1
6 1 12
2 2 6 13
8 1 14
1 1 12
15 0
2 0
2 2 12 8
6 0
12 2 4 1
8 1 9
10 2 5 11
12 1 7
14 7 11 7 1 8 13 2 7
11 3 2 12 4
13 2 5 9
1 4 6 4 5 2
12 0
5 2 6 4
14 2 5 3
5 0
1 3 15 15 8
7 5 1 10 12 14 7
14 0
2 2 6 11
1 0
5 1 4
7 0
2 1 14
5 3 3 2 2
3 2 11 11
1 0
11 3 1 4 14
11 1 13
8 0
11 2 4 3
2 3 6 6 13
10 0
4 1 11
14 2 3 14
13 1 4
3 1 12
15 0
10 0
8 1 8
10 2 8 4
14 2 15 1
8 2 5 10
7 1 8
3 2 4 7
6 0
3 4 1 11 11 9
10 2 3 14
4 0
2 0
11 2 6 2
4 0
13 0
2 4 5 7 8 7
13 0
3 3 9 6 9
11 4 10 7 3 2
13 4 14 10 2 13
13 0
14 2 9 1
13 1 9
15 1 10
15 0
14 1 9
11 1 5
14 1 13
11 1 4
13 4 5 10 3 13
13 3 13 6 15
12 2 7 9
6 1 4
15 1 15
10 1 6
5 0
13 0
4 1 15
3 2 1 7
15 0
13 1 9
6 3 10 10 7
8 3 12 9 2
8 0
2 3 9 2 10
6 1 3
9 1 8
6 0
15 1 13
5 4 10 1 5 11
3 0
4 2 14 12
10 4 10 4 6 9
7 2 10 15
10 3 11 14 11
9 1 4
12 1 9
5 0
14 0
15 3 6 12 10
10 1 11
4 0
11 2 7 12
7 1 6
10 1 15
13 0
11 3 1 13 4
7 4 5 9 6 3
1 2 7 6
13 2 12 5
13 1 14
14 2 14 12
11 1 3
6 2 7 6
6 3 6 14 9
12 3 12 8 12
3 1 15
7 2 3 1
39 127
14 4 15 4 11 10 12 11 14 12 11 1 2 13 17 8 5 3 6 10 6 13 16 3 11 12 15 10 5 14 8 2 8 5 13 9 6 7 11
2 3 7 4 13
9 1 10
4 4 16 6 2 6
11 5 14 14 16 7 17
2 3 2 6 17
7 0
10 2 10 13
9 2 5 17
11 1 9
4 3 9 12 8
14 1 14
11 4 13 1 4 4
17 0
17 3 13 1 7
17 4 5 11 2 3
2 1 8
2 1 14
11 0
16 6 1 11 14 5 1 1
2 4 12 2 6 1
16 2 17 9
3 2 17 13
9 0
8 5 15 14 14 14 6
10 1 12
4 2 6 11
11 2 16 8
10 3 17 5 3
9 1 2
8 0
3 1 16
2 3 10 17 9
16 0
14 1 3
12 1 13
17 0
3 2 7 4
12 0
16 4 12 1 5 8
4 1 14
15 8 7 1 10 15 3 2 14 1
3 2 5 1
14 1 10
14 3 7 4 7
3 1 6
13 1 13
15 1 1
12 1 17
15 3 7 14 8
4 1 1
13 2 2 5
4 2 1 6
6 4 10 10 15 1
4 2 1 2
11 3 17 2 11
7 2 14 12
7 2 3 6
4 5 15 13 8 7 10
7 5 16 4 2 17 3
7 1 2
11 1 16
9 3 10 1 13
16 2 2 9
17 2 9 10
13 5 1 14 10 2 4
1 2 3 13
8 1 4
15 4 6 17 13 7
12 3 11 12 6
6 1 4
9 1 3
1 0
9 1 10
13 1 8
5 4 7 12 15 14
2 2 11 11
8 0
3 3 4 1 9
4 3 2 5 6
13 3 5 14 10
14 5 2 11 7 6 10
16 1 15
16 3 3 15 13
11 1 8
10 3 15 4 1
17 3 8 14 8
17 1 10
7 1 14
11 3 17 3 9
14 2 12 7
4 2 11 13
12 1 10
13 1 14
2 2 17 1
3 2 16 10
8 2 6 5
2 2 12 7
10 3 15 8 1
13 0
5 2 3 5
6 3 8 17 15
4 1 12
5 2 6 2
5 1 15
7 2 17 17
9 2 5 10
14 1 8
5 2 10 4
2 3 12 16 14
17 0
1 2 8 6
16 5 8 5 6 14 6
6 1 3
7 2 1 11
9 2 4 11
6 1 11
15 5 13 12 5 5 7
16 2 2 16
4 1 12
8 2 8 11
12 0
7 0
11 3 15 9 11
7 1 4
9 0
4 4 15 6 4 10
5 2 6 15
1 200
200
200 1 200
200 1 200
200 1 200
200 1 200
200 1 200
200 1 200
200 1 200
200 1 200
200 1 200
200 1 200
200 1 200
200 1 200
200 1 200
200 1 200
200 1 200
200 1 200
200 2 200 200
200 1 200
200 1 200
200 1 200
200 1 200
200 1 200
200 1 200
200 1 200
200 1 200
200 1 200
200 1 200
200 1 200
200 1 200
200 1 200
200 1 200
200 1 200
200 1 200
200 1 200
200 1 200
200 1 200
200 1 200
200 1 200
200 1 200
200 1 200
200 1 200
200 1 200
200 1 200
200 1 200
200 1 200
200 1 200
200 1 200
200 1 200
200 1 200
200 1 200
200 1 200
200 1 200
200 1 200
200 1 200
200 1 200
200 1 200
200 1 200
200 1 200
200 1 200
200 1 200
200 1 200
200 1 200
200 1 200
200 1 200
200 1 200
200 1 200
200 1 200
200 1 200
200 1 200
200 1 200
200 1 200
200 1 200
200 1 200
200 1 200
200 1 200
200 1 200
200 1 200
200 1 200
200 1 200
200 1 200
200 1 200
200 1 200
200 1 200
200 1 200
200 1 200
200 1 200
200 1 200
200 1 200
200 1 200
200 1 200
200 1 200
200 1 200
200 1 200
200 1 200
200 1 200
200 1 200
200 1 200
200 1 200
200 1 200
200 1 200
200 1 200
200 1 200
200 1 200
200 1 200
200 1 200
200 1 200
200 1 200
200 1 200
200 1 200
200 1 200
200 1 200
200 1 200
200 1 200
200 1 200
200 1 200
200 1 200
200 1 200
200 1 200
200 1 200
200 1 200
200 1 200
200 1 200
200 1 200
200 1 200
200 1 200
200 1 200
200 1 200
200 1 200
200 1 200
200 1 200
200 1 200
200 1 200
200 1 200
200 1 200
200 1 200
200 1 200
200 1 200
200 1 200
200 1 200
200 1 200
200 1 200
200 1 200
200 1 200
200 1 200
200 1 200
200 1 200
200 1 200
200 1 200
200 1 200
200 1 200
200 1 200
200 1 200
200 1 200
200 1 200
200 1 200
200 1 200
200 1 200
200 1 200
200 1 200
200 1 200
200 1 200
200 1 200
200 1 200
200 1 200
200 1 200
200 1 200
200 1 200
200 1 200
200 1 200
200 1 200
200 1 200
200 0
200 1 200
200 1 200
200 1 200
200 1 200
200 1 200
200 1 200
200 1 200
200 1 200
200 1 200
200 1 200
200 1 200
200 1 200
200 1 200
200 1 200
200 1 200
200 1 200
200 1 200
200 1 200
200 1 200
200 1 200
200 1 200
200 1 200
200 1 200
200 1 200
200 1 200
200 1 200
200 1 200
200 1 200
1 200
2
6 1 1
8 0
7 2 3 5
2 4 7 5 4 9
3 1 1
6 1 6
5 5 4 6 6 10 1
1 1 10
7 1 7
4 1 4
10 2 9 1
8 2 6 2
1 0
1 2 7 8
8 2 1 9
7 0
3 3 8 5 2
3 2 6 8
6 2 7 4
8 1 1
3 4 7 9 5 1
2 1 2
10 1 3
6 0
1 4 1 5 8 10
5 2 8 8
1 0
6 2 2 5
5 2 5 3
2 0
9 1 5
10 2 4 7
9 1 7
6 1 3
4 1 9
3 1 10
3 0
8 0
4 0
9 3 4 9 7
1 0
5 2 1 2
8 0
4 1 1
7 2 10 10
6 0
10 2 2 6
1 3 6 8 4
8 2 5 4
5 1 9
1 2 8 8
10 0
9 3 7 5 7
10 3 9 5 4
8 1 8
1 2 3 7
6 2 10 8
10 2 9 9
6 1 10
10 1 3
1 1 6
4 1 3
1 0
2 4 3 7 2 5
1 0
4 1 5
6 0
3 3 9 4 3
1 2 7 9
1 3 3 1 9
3 3 4 3 2
4 2 6 2
7 1 5
1 1 7
9 1 1
4 4 10 2 2 2
8 2 4 7
8 1 1
4 1 4
7 1 10
4 2 3 7
4 1 9
9 1 9
2 3 1 10 7
5 0
6 1 5
2 1 7
10 1 6
5 0
9 0
1 0
7 2 6 9
5 2 7 6
2 2 7 7
10 1 8
5 2 5 3
7 1 7
6 2 2 4
10 2 7 3
10 2 10 5
8 1 8
2 2 10 1
5 0
5 1 3
4 1 9
3 1 2
10 1 5
1 0
10 0
3 4 9 9 8 3
8 1 8
5 2 8 3
9 4 10 1 6 3
8 1 10
9 0
5 4 8 9 9 5
3 0
2 1 9
7 5 9 2 5 3 6
9 2 1 5
1 1 4
9 2 3 1
5 1 9
5 2 7 5
2 1 1
5 0
1 2 10 3
9 1 6
2 0
10 1 10
8 2 2 10
9 6 8 1 10 1 4 2
4 2 6 7
2 0
5 1 10
7 0
4 2 8 4
4 2 6 8
10 2 4 7
5 1 6
9 2 7 2
9 0
1 2 4 9
9 0
6 1 10
9 2 10 9
3 3 9 6 8
8 0
1 2 1 8
1 0
6 1 6
3 2 7 8
10 1 10
2 3 5 10 10
9 1 2
1 2 4 4
8 1 10
9 1 9
1 2 3 7
1 2 4 2
1 0
8 4 3 8 7 6
2 2 1 10
4 1 3
1 2 9 1
6 1 7
2 2 3 2
4 1 10
2 1 1
3 1 7
10 0
10 1 8
1 2 9 9
1 0
10 1 9
8 3 1 6 3
1 2 4 3
4 2 7 3
7 2 2 3
3 0
5 0
4 1 1
5 2 5 1
6 3 6 9 8
6 1 9
5 3 1 7 2
6 1 1
5 1 9
6 1 9
7 2 3 8
6 3 6 10 8
6 1 10
6 1 9
7 1 2
1 3 2 7 8
7 1 2
4 2 10 6
4 0
2 1 6
5 1 8
1 200
37
51 1 121
25 1 51
130 1 25
66 1 130
44 1 66
72 1 44
57 1 72
185 1 57
145 1 185
102 1 145
93 1 102
30 1 93
9 1 30
161 1 9
137 1 161
83 1 137
64 1 83
147 1 64
94 1 147
105 1 94
58 1 105
123 1 58
34 1 123
90 1 34
167 1 90
187 1 167
128 1 187
2 1 128
52 1 2
39 2 40 52
188 1 39
38 2 76 188
129 1 38
125 1 129
82 1 125
198 1 82
155 1 198
160 1 155
32 1 160
10 1 32
120 1 10
88 1 120
73 1 88
106 1 73
197 1 106
27 1 197
139 1 27
144 1 139
146 1 144
200 1 146
179 1 200
196 1 179
62 1 196
118 1 62
110 1 118
76 1 110
22 1 76
169 1 22
151 1 169
14 1 151
5 1 14
166 1 5
11 1 166
156 1 11
183 1 156
36 1 183
15 1 36
28 1 15
181 1 28
74 2 184 181
41 1 74
42 1 41
164 1 42
87 1 164
100 1 87
141 1 100
132 1 141
138 1 132
140 1 138
65 1 140
3 1 65
117 1 3
175 1 117
135 1 175
184 1 135
53 1 184
116 1 53
114 1 116
40 1 114
108 1 40
113 1 108
81 1 113
176 1 81
159 1 176
152 1 159
48 1 152
182 1 48
98 1 182
189 1 98
12 1 189
67 1 12
7 1 67
122 1 7
80 1 122
29 1 80
143 1 29
8 1 143
61 1 8
75 1 61
33 1 75
43 1 33
19 1 43
70 1 19
21 1 70
20 1 21
131 1 20
91 1 131
124 1 91
190 1 124
6 1 190
68 1 6
191 1 68
158 1 191
59 1 158
199 1 59
97 1 199
162 1 97
99 1 162
150 1 99
195 1 150
153 1 195
49 1 153
79 1 49
154 1 79
178 1 154
172 1 178
133 1 172
115 1 133
26 1 115
101 1 26
192 1 101
63 1 192
111 1 63
35 1 111
96 1 35
170 1 96
47 1 170
71 1 47
104 1 71
180 1 104
86 1 180
127 1 86
107 1 127
174 1 107
126 1 174
54 1 126
1 1 54
45 1 1
177 1 45
31 1 177
60 1 31
157 1 60
77 1 157
92 1 77
18 1 92
168 1 18
95 1 168
149 1 95
121 1 149
163 1 121
119 1 163
24 1 119
142 1 24
55 1 142
109 1 55
165 1 109
69 1 165
4 1 69
85 1 4
84 1 85
186 1 84
56 1 186
13 2 33 56
173 1 13
17 1 173
171 1 17
16 1 171
23 1 16
112 1 23
136 1 112
148 1 136
46 1 148
134 1 46
103 1 134
193 1 103
50 1 193
78 1 50
89 1 78
194 1 89
37 1 194
58 200
1 1 19 31 20 3 12 22 4 28 25 19 4 1 13 20 8 10 12 1 15 22 14 1 25 2 14 27 12 30 6 10 30 22 7 17 24 18 7 26 12 31 13 13 30 25 30 4 1 11 3 15 30 16 15 23 18 27
19 2 17 27
27 2 6 19
25 2 10 22
24 3 5 30 16
5 2 9 6
22 1 6
12 4 28 14 22 25
11 3 9 18 17
7 1 22
2 2 30 9
29 1 13
11 1 19
27 3 26 16 30
7 3 16 2 7
9 1 9
7 2 28 4
20 0
7 2 8 24
29 0
18 1 11
8 0
30 2 10 5
26 0
10 3 28 8 9
11 1 18
25 3 29 5 29
26 1 12
24 2 21 8
16 2 8 22
10 0
19 1 3
3 3 6 31 2
5 1 15
10 3 9 9 10
24 1 18
7 4 10 8 4 11
31 3 31 18 15
4 0
17 2 22 9
4 0
4 3 19 4 6
12 0
15 1 21
28 2 28 3
19 2 27 3
21 1 19
3 3 4 9 17
5 0
27 3 20 26 15
30 2 10 8
20 1 13
3 2 10 13
28 1 21
15 3 5 25 26
11 3 21 30 23
5 0
8 1 12
3 3 2 22 28
28 3 4 6 11
23 5 5 23 15 30 28
12 3 26 18 1
15 3 5 20 27
24 1 8
14 1 1
25 1 8
16 0
20 3 21 13 14
22 3 1 16 21
20 2 8 7
3 2 6 29
26 1 24
21 2 5 17
15 2 6 30
7 1 5
17 3 19 27 28
31 4 4 4 31 24
27 4 19 9 10 22
20 2 17 19
2 1 8
20 3 9 23 1
18 0
21 1 12
20 3 5 30 20
12 2 31 2
2 1 28
30 0
14 0
9 2 6 1
30 0
11 1 23
30 2 5 4
10 0
23 2 30 21
22 3 18 15 13
21 1 24
14 2 21 23
6 1 7
7 1 13
5 1 2
23 2 21 11
10 2 13 10
28 4 24 30 2 21
12 4 10 9 1 28
22 3 25 12 14
1 4 19 30 29 13
27 1 6
21 2 27 14
25 0
15 4 27 25 16 30
20 0
11 0
30 1 29
9 1 15
30 0
8 0
11 4 11 6 18 2
27 5 24 10 5 4 31
19 3 4 1 5
17 2 31 20
25 1 27
29 0
15 1 3
2 1 27
21 1 8
3 1 14
20 1 11
1 0
9 1 31
27 2 5 3
5 3 31 11 3
29 2 27 22
3 3 11 23 12
30 2 8 25
8 2 4 10
22 1 9
30 1 25
3 1 8
9 1 16
23 6 21 23 29 18 21 11
15 2 11 16
28 2 9 20
2 3 24 9 11
11 2 17 6
5 3 9 3 31
30 0
16 3 24 30 31
13 1 31
25 2 28 26
3 2 11 31
30 1 5
16 1 4
30 4 8 14 17 5
11 0
15 1 13
19 4 21 7 9 27
12 1 4
4 1 3
19 1 1
18 0
28 2 29 31
22 1 23
15 2 8 17
28 0
20 0
20 1 13
18 3 24 23 3
19 4 3 9 13 23
22 2 28 6
26 1 5
8 1 17
3 3 9 25 14
20 0
10 1 7
11 1 14
22 2 13 21
8 4 3 1 24 28
26 2 4 29
4 1 12
30 1 28
27 2 21 8
31 1 10
12 1 25
25 1 10
8 1 29
27 1 24
10 3 8 28 4
19 0
28 2 6 17
28 1 28
5 1 7
22 1 13
16 2 15 28
18 2 25 6
16 4 17 31 11 8
5 2 12 3
6 1 26
2 1 25
21 2 8 19
26 2 21 27
25 0
1 200
118
49 1 49
111 1 111
53 1 50
123 1 108
96 1 96
25 1 4
10 1 10
57 1 57
116 1 116
49 1 2
87 1 80
36 1 36
118 1 10
101 1 101
127 1 7
76 1 24
36 1 7
112 1 27
41 1 59
97 1 117
67 1 67
50 1 53
89 1 96
72 1 14
40 1 31
66 1 129
77 1 74
28 1 58
97 1 57
18 1 18
114 1 84
3 1 32
31 1 31
34 1 34
52 1 95
27 1 112
109 1 81
22 1 22
130 1 130
16 1 115
103 1 103
18 1 98
84 1 55
126 1 122
12 1 102
74 1 74
1 1 1
81 1 81
37 1 105
45 1 45
128 1 63
31 1 40
130 1 117
20 1 22
95 1 116
5 1 5
57 1 97
122 1 126
3 1 45
131 1 131
58 1 26
2 1 122
43 1 43
53 1 53
19 1 89
2 1 49
78 1 38
15 1 70
1 1 129
115 1 66
99 1 67
44 1 28
134 1 21
23 1 3
38 1 112
6 1 50
99 1 128
117 1 130
40 1 76
11 1 8
105 1 37
55 1 111
127 1 39
5 1 6
89 1 35
6 1 5
104 1 46
85 1 28
126 1 126
104 1 77
11 1 11
113 1 113
15 1 15
44 1 91
26 1 38
128 1 44
78 1 78
77 1 127
14 1 72
52 1 113
70 1 8
115 1 16
76 1 23
27 1 27
87 1 42
134 1 134
14 1 14
109 1 29
54 1 43
105 1 20
63 1 128
39 1 39
74 1 77
8 1 11
92 1 92
108 1 123
65 1 65
41 1 21
112 1 84
80 1 80
92 1 35
4 1 25
43 1 54
111 1 55
123 1 12
75 1 75
67 1 99
75 1 26
102 1 102
56 1 23
29 1 52
12 1 54
129 1 105
129 1 1
24 1 24
29 1 34
55 1 19
85 1 85
8 1 87
23 1 56
10 1 118
131 1 19
66 1 47
132 1 65
81 1 109
47 1 66
37 1 37
114 1 114
98 1 18
98 1 6
72 1 40
32 1 4
32 1 103
80 1 87
59 1 41
26 1 75
103 1 32
70 1 15
28 1 85
132 1 97
21 1 104
84 1 114
38 1 78
25 1 25
101 1 58
22 1 20
34 1 29
46 1 104
122 1 132
46 1 46
39 1 127
20 1 70
21 1 134
7 1 36
108 1 108
19 1 131
24 1 76
117 1 99
45 1 3
7 1 115
56 1 56
91 1 44
35 1 98
113 1 52
118 1 123
95 1 2
102 1 12
91 1 91
116 1 95
16 1 16
54 1 109
35 1 92
47 1 47
65 1 132
96 1 89
63 1 63
58 1 101
59 1 59
50 1 72
4 1 41
4 63
3 1 1 1
2 0
3 0
3 1 3
4 3 3 2 3
4 2 4 3
3 1 4
3 2 4 2
4 2 1 3
2 1 2
1 2 2 2
3 0
1 1 2
2 2 4 2
2 2 1 3
1 0
3 3 2 3 3
3 2 3 4
1 1 1
4 1 3
1 2 4 3
1 0
2 1 4
2 1 4
4 0
1 1 1
3 3 3 1 3
4 2 2 4
4 2 3 1
4 0
2 0
2 1 4
1 0
1 1 3
1 1 3
4 3 4 4 3
4 3 1 1 4
3 1 2
2 2 1 4
3 0
4 1 1
3 2 1 1
1 0
1 1 2
4 2 3 3
3 2 4 1
1 1 4
2 1 2
1 2 3 3
1 0
1 3 1 1 3
1 1 1
2 4 3 3 4 4
2 1 4
3 0
1 0
2 1 2
1 0
4 0
1 3 3 4 3
4 3 1 4 2
1 1 2
2 1 1
4 1 4
1 200
2
5 1 6
1 1 1
10 0
11 0
11 0
21 1 2
22 0
21 1 8
16 1 10
11 3 4 23 9
9 0
21 2 12 23
21 2 2 10
19 2 9 4
6 0
20 1 22
18 2 1 3
12 2 14 9
1 3 6 16 2
9 2 13 1
13 0
11 1 15
19 1 7
17 0
16 2 8 3
2 2 20 14
7 1 18
8 1 14
10 0
4 2 11 18
3 2 13 15
14 1 12
21 0
6 1 10
18 3 14 6 14
8 0
20 2 23 10
10 0
22 2 8 23
13 1 1
20 2 15 19
7 2 14 11
4 0
17 0
20 1 14
9 1 4
13 0
14 2 22 23
14 1 1
7 3 12 5 8
17 3 17 20 14
3 1 8
18 0
6 2 5 17
14 0
10 0
7 0
20 1 2
12 1 19
16 0
23 4 14 9 1 16
8 0
23 0
21 2 16 2
8 0
11 0
22 3 20 14 9
21 2 19 9
21 0
15 3 10 6 13
10 0
17 1 11
15 0
7 2 12 4
5 1 8
11 1 9
15 1 16
11 1 4
19 0
6 1 6
18 1 17
12 1 4
2 0
12 0
17 0
15 2 2 10
15 1 11
17 2 16 17
11 1 9
3 1 2
4 1 1
5 0
5 1 17
20 0
2 0
12 2 8 5
8 1 15
17 1 23
3 1 10
5 1 10
8 1 19
13 1 4
21 2 2 16
23 0
19 1 4
2 0
4 1 20
5 1 15
7 1 4
22 1 13
4 1 16
1 1 7
4 2 3 23
5 1 5
12 1 7
14 0
14 0
3 1 1
2 2 7 9
1 1 15
23 1 8
5 0
5 3 9 20 21
21 1 13
1 0
23 0
3 0
8 2 18 6
17 1 3
5 0
12 0
1 0
17 1 22
4 3 13 4 7
17 0
7 0
22 1 7
21 0
5 2 6 12
5 0
13 0
2 2 4 15
5 0
11 0
23 2 15 4
10 1 3
1 2 11 8
13 0
7 1 1
2 1 1
14 0
6 0
23 1 9
12 1 1
3 0
1 0
6 2 22 12
5 1 4
2 1 9
22 2 18 4
9 0
8 1 17
16 0
20 0
5 1 17
4 1 9
20 1 10
3 1 16
1 1 8
18 2 2 16
2 0
7 4 18 5 19 4
19 2 4 9
23 1 16
17 0
18 0
10 1 13
12 2 10 12
8 2 5 14
16 1 16
7 2 16 15
15 1 7
15 1 8
7 1 21
3 3 20 7 5
11 1 2
1 2 6 5
2 0
9 2 17 1
19 0
23 2 5 8
11 2 7 14
3 0
10 0
7 1 3
7 0
13 0
20 1 23
4 0
7 3 7 6 17
1 199
67
67 0
20 1 52
27 2 89 49
10 1 61
72 3 4 57 33
46 0
5 1 4
31 1 4
93 2 4 49
28 4 89 65 41 108
51 0
73 1 65
32 0
81 4 33 4 57 108
29 2 4 52
23 1 45
44 1 57
17 0
78 0
18 0
97 3 61 108 57
94 2 45 89
91 2 52 52
50 0
43 1 49
106 0
24 1 61
86 2 61 41
71 2 52 62
7 0
40 2 41 61
75 1 57
42 1 4
15 0
39 0
85 0
103 1 66
79 3 66 4 41
16 2 52 108
48 2 65 65
34 2 49 57
8 1 89
83 1 49
77 1 62
9 1 41
101 3 61 65 41
102 2 108 66
105 1 108
30 2 33 52
28 3 51 55 57
18 3 97 74 89
13 1 77
38 3 83 4 4
57 1 66
64 1 24
76 1 43
8 4 83 2 65 41
2 1 8
48 3 34 109 4
62 0
66 0
62 1 45
98 1 10
77 2 9 13
4 4 52 66 108 62
82 3 81 62 4
41 0
71 5 7 90 62 57 61
52 0
103 3 79 99 62
25 2 94 52
49 1 61
65 0
15 3 39 53 45
31 3 93 6 66
95 1 85
66 1 66
102 5 105 92 33 61 62
23 4 44 110 33 41
5 3 31 19 57
80 2 34 52
33 1 89
1 2 29 33
45 0
32 6 81 68 57 33 62 65
53 3 15 57 57
104 5 39 52 4 49 108
4 1 65
46 3 5 107 49
83 5 77 38 61 108 66
11 1 93
92 2 102 52
9 4 101 14 52 108
47 2 91 52
88 2 20 61
24 5 86 64 65 4 108
54 1 51
87 2 40 61
56 3 7 65 52
57 2 52 89
65 2 52 61
27 5 10 21 45 45 61
41 2 45 4
96 3 106 45 52
52 1 61
70 3 105 52 61
93 3 28 11 57
89 3 41 108 49
44 4 17 22 49 57
90 3 71 4 41
74 2 18 89
3 2 16 49
89 1 52
37 2 42 61
65 0
61 0
69 2 79 66
68 1 32
22 2 44 108
14 2 9 108
33 0
73 4 32 84 45 108
105 2 30 70
111 2 17 33
36 3 50 41 108
66 1 52
109 1 48
42 5 15 37 61 65 57
29 4 23 1 57 4
66 1 52
89 0
43 4 106 76 62 52
34 2 8 80
89 3 41 4 65
19 3 5 45 65
67 2 20 26
59 2 78 45
4 1 4
57 1 52
66 1 33
49 1 52
65 1 45
41 3 41 62 41
57 1 89
81 2 29 82
26 1 67
4 0
72 3 46 63 4
75 4 42 100 61 49
84 2 73 49
10 3 72 98 52
45 0
57 4 57 41 33 89
99 2 103 65
58 1 101
94 5 91 25 108 108 33
85 4 103 95 49 41
62 1 62
61 2 66 49
50 3 43 36 57
66 1 41
16 3 48 3 108
110 1 23
17 2 78 111
108 0
107 1 46
100 2 75 49
12 3 30 41 66
4 1 66
65 1 89
106 2 24 96
52 2 4 65
61 0
57 2 41 108
55 2 28 33
78 4 18 59 65 61
86 4 71 60 45 57
61 3 33 4 33
101 2 102 58
97 3 94 35 49
21 1 27
62 0
52 3 41 61 62
45 3 89 89 57
60 3 86 108 66
79 3 16 69 61
65 0
40 3 75 87 4
7 3 40 56 45
35 1 97
51 3 73 54 61
108 3 66 57 65
63 3 72 62 61
20 4 27 88 49 52
30 4 12 45 65 45
39 4 85 104 49 33
91 6 50 47 45 65 41 52
6 4 31 41 45 4
57 2 66 65
5 200
4 5 3 1 5
2 2 3 1
3 0
2 2 5 2
1 3 2 1 1
3 0
5 0
4 2 4 2
5 1 2
4 0
2 1 4
2 0
5 0
4 1 3
4 1 4
3 0
5 0
1 2 2 3
1 1 5
3 2 1 5
3 2 3 3
1 2 4 4
3 2 4 4
3 0
2 3 4 2 5
2 2 5 5
5 1 5
1 1 3
2 2 3 4
3 1 1
1 0
1 0
1 1 4
3 0
4 0
1 1 2
2 0
5 2 5 3
1 1 1
2 1 1
3 1 5
3 3 5 3 3
5 2 2 2
4 3 3 1 4
3 2 4 5
3 0
4 1 1
2 1 3
5 3 2 5 5
1 0
1 2 4 2
2 2 3 4
1 2 4 1
3 3 5 3 2
2 0
2 1 1
4 2 2 2
1 1 5
4 3 1 1 2
1 1 2
5 0
4 1 1
3 3 3 2 2
5 1 1
3 2 4 3
1 1 2
2 1 1
4 2 1 4
5 1 4
5 0
5 1 5
5 0
2 1 1
5 1 4
5 1 3
1 0
4 0
3 2 1 3
2 0
4 1 2
3 2 1 3
4 2 1 4
2 0
3 2 5 2
2 1 1
3 1 4
1 2 2 1
5 2 1 3
5 1 4
1 1 3
2 0
4 1 1
1 2 5 1
4 1 5
3 1 4
3 0
4 0
5 1 4
2 0
1 0
4 2 2 3
3 0
2 0
2 1 5
4 1 5
1 1 3
2 0
3 1 5
4 0
5 3 4 4 4
1 2 4 3
3 1 4
3 1 5
2 1 5
3 0
1 0
2 2 4 1
5 1 2
1 3 1 1 1
1 3 2 3 5
1 0
2 0
5 2 3 5
1 3 4 2 4
3 1 4
2 1 2
1 1 2
1 1 4
3 0
4 3 3 4 4
3 2 3 3
3 2 3 2
1 4 3 4 2 1
4 2 3 1
1 1 5
5 0
5 0
4 0
4 2 4 4
5 1 1
5 1 5
4 2 1 3
2 2 1 5
3 2 1 4
2 3 5 1 3
1 0
5 0
3 0
1 2 2 5
5 2 4 2
1 2 1 1
1 1 4
4 2 5 2
5 0
3 1 3
1 2 2 1
3 1 4
3 1 3
3 0
3 2 3 2
1 0
1 2 1 2
5 1 4
4 1 1
1 0
1 2 1 3
5 0
2 2 3 4
1 0
3 1 1
1 1 1
1 4 2 2 5 2
3 3 3 4 4
5 1 4
5 1 2
4 3 5 4 4
5 0
4 1 5
4 1 2
5 1 4
1 1 1
4 1 5
2 2 5 5
4 1 1
5 1 5
2 2 5 4
1 0
4 0
1 0
3 1 3
1 0
2 1 5
5 0
3 3 5 5 3
2 0
3 0
5 2 4 1
1 2 2 1
4 3 2 2 5
5 0
3 2 3 5
2 200
20 9
6 3 15 21 19
1 4 22 17 13 19
20 1 13
20 3 18 5 1
21 0
11 1 18
16 1 9
19 2 9 13
18 1 13
11 2 7 5
1 3 16 12 1
1 1 4
19 3 5 21 19
21 0
12 0
18 0
10 0
1 0
9 1 21
21 3 11 20 14
21 2 3 20
20 0
5 1 6
10 2 9 21
1 1 1
12 2 14 4
19 3 20 1 22
5 3 1 16 6
2 2 11 10
6 1 10
22 0
7 0
6 4 20 20 18 22
19 3 22 1 2
2 1 12
2 1 8
7 1 11
15 1 19
21 2 17 20
1 1 19
1 1 11
19 1 9
1 1 2
19 1 16
17 2 18 14
10 1 22
12 0
2 3 5 2 9
9 2 16 13
19 1 10
20 0
7 1 18
16 3 13 4 4
2 2 9 19
17 1 7
14 1 11
11 0
11 0
18 1 16
12 1 17
16 3 3 18 2
15 1 7
16 1 9
20 1 4
12 2 2 22
15 1 20
21 0
16 2 15 13
7 2 3 18
17 2 1 14
14 0
5 5 3 2 22 15 22
13 1 9
15 0
2 0
5 1 18
2 1 4
11 2 5 19
4 1 6
8 1 5
7 3 20 5 4
2 1 3
15 1 18
22 1 1
1 2 22 9
7 2 20 4
11 1 16
12 3 3 15 15
17 4 18 20 21 7
6 1 15
21 5 12 3 20 13 12
10 3 14 21 21
19 2 9 18
15 1 1
7 0
8 3 12 11 12
5 2 13 3
4 2 4 11
21 0
10 0
20 2 20 6
13 2 6 2
14 2 8 7
9 0
3 1 12
15 0
11 2 11 12
2 1 19
4 1 1
15 4 10 19 7 20
10 2 18 21
8 2 6 6
16 4 21 21 4 11
2 2 17 8
8 1 8
16 0
8 0
16 1 2
3 2 2 18
2 4 15 15 7 7
22 2 8 9
2 0
9 5 9 15 16 9 11
16 2 9 9
14 1 8
14 1 18
1 6 19 15 5 20 6 17
18 1 13
15 1 20
19 2 22 19
5 0
12 4 11 15 9 8
7 0
19 2 6 16
18 1 22
9 2 22 14
9 1 12
7 3 9 3 14
11 2 20 21
10 0
21 2 1 13
20 1 15
18 1 20
12 0
21 0
1 1 16
5 0
4 4 18 17 13 8
16 2 17 2
6 1 5
3 2 20 14
13 2 15 19
7 2 2 9
9 2 12 8
6 0
20 0
22 4 15 2 13 15
4 0
13 3 5 9 7
14 3 16 1 13
21 1 7
16 2 6 3
2 2 4 18
5 0
10 3 19 21 5
17 2 2 3
12 1 16
16 1 4
1 2 22 20
22 0
4 2 21 21
19 2 9 10
17 2 9 3
19 2 2 5
8 2 16 9
13 3 6 13 9
17 1 3
13 1 5
16 4 12 22 4 4
8 3 6 6 4
18 4 13 3 8 8
16 0
19 3 17 8 10
22 3 21 10 7
2 1 13
2 2 14 6
17 3 9 2 11
22 5 9 8 9 7 22
4 1 1
7 1 16
11 2 1 1
22 1 12
20 2 15 9
12 0
4 3 14 2 18
7 2 15 19
5 2 10 21
15 3 22 20 1
1 1 16
5 1 7
158 200
1 16 5 20 17 18 17 6 17 12 4 16 9 14 6 16 11 8 13 7 10 13 13 6 8 4 3 8 13 10 12 13 6 9 4 2 6 12 19 2 15 2 9 3 16 15 11 6 14 3 5 3 7 9 20 15 12 2 14 4 12 6 8 9 14 11 2 11 15 20 12 9 2 12 12 9 18 2 14 3 16 10 6 2 19 17 8 10 19 2 6 2 19 5 2 4 16 3 14 2 2 17 10 3 20 1 3 18 14 17 20 1 18 17 3 8 14 2 18 4 3 15 17 13 19 18 16 6 20 1 7 13 9 17 8 9 9 10 18 3 18 17 15 16 6 17 3 11 19 12 6 13 6 14 18 5 11 13
10 1 19
2 0
6 1 13
9 0
14 1 14
14 1 11
5 3 5 14 15
1 1 9
2 0
13 2 14 20
11 0
19 1 3
7 0
8 1 10
8 2 1 5
2 0
15 0
5 0
10 0
18 2 11 2
15 1 13
20 1 5
9 0
12 1 15
5 2 5 18
7 0
5 3 14 5 3
2 2 6 10
3 2 10 6
15 2 9 16
14 0
12 1 10
8 1 12
11 2 9 8
12 1 8
1 1 17
5 1 14
16 1 3
2 2 5 20
6 3 9 16 10
1 1 1
4 0
17 2 18 17
19 3 8 20 16
11 1 5
4 3 20 1 19
20 2 16 12
6 2 4 15
20 0
2 1 1
15 0
6 0
13 2 7 13
15 0
17 1 10
17 3 13 14 17
1 0
1 3 18 17 5
18 1 13
15 6 4 3 7 14 14 12
7 1 12
4 0
7 0
14 1 20
14 3 5 17 14
10 2 11 15
6 1 2
10 2 20 1
6 2 13 9
19 2 7 4
16 1 14
6 0
2 0
4 0
16 0
5 2 1 18
19 1 8
8 1 13
2 1 5
18 2 9 6
9 0
8 2 14 14
3 1 9
1 1 18
2 0
19 0
18 0
15 0
11 1 7
7 3 1 15 18
9 2 12 14
17 0
10 0
7 1 9
2 0
16 2 8 10
17 0
7 2 4 18
5 2 9 7
14 3 7 3 17
6 1 10
12 2 9 10
11 0
19 1 7
15 1 3
6 3 20 6 11
3 0
13 1 13
13 1 10
16 1 13
2 3 12 6 10
13 3 20 12 19
3 0
4 1 18
14 1 17
5 1 16
14 0
3 2 19 9
11 1 16
4 1 12
1 1 7
19 0
12 1 20
3 0
18 0
5 0
18 0
6 0
12 2 9 4
2 0
19 1 13
9 3 6 14 16
6 1 10
9 0
7 0
20 1 12
6 2 14 13
2 2 18 2
5 1 6
19 1 3
17 3 7 15 6
18 1 2
11 0
20 1 2
2 3 19 17 5
16 0
16 2 16 20
7 2 3 5
10 1 19
6 0
3 0
11 3 12 13 2
16 1 5
14 3 5 20 20
13 0
13 1 19
19 2 16 2
10 0
18 1 10
2 2 7 7
3 0
8 3 2 6 12
10 0
8 4 15 7 19 1
16 2 14 6
8 0
20 0
2 2 8 3
9 1 4
16 1 7
12 1 14
6 3 5 8 12
13 1 1
2 1 18
5 2 7 12
6 2 16 20
10 1 4
20 1 8
5 1 6
19 1 5
17 1 19
7 1 19
9 1 20
12 0
12 2 6 9
1 1 16
17 6 2 8 6 7 1 19
10 0
2 0
14 1 17
3 1 13
17 0
14 2 9 10
12 1 6
16 1 15
1 3 17 7 3
12 0
7 1 10
2 1 7
20 1 13
1 107
2
3 1 3
5 1 1
2 1 4
3 0
2 1 1
4 1 3
4 2 1 5
4 2 4 1
5 0
3 2 3 4
1 0
1 2 5 4
2 1 3
4 1 3
1 2 5 2
3 3 1 1 2
5 0
3 3 4 3 5
4 2 3 1
5 1 3
1 1 2
2 1 5
2 0
2 3 2 5 2
5 1 5
2 3 3 5 1
4 1 2
3 1 4
1 0
3 3 3 5 5
2 2 1 1
5 2 3 1
3 2 3 2
3 2 1 3
5 0
1 1 1
3 1 1
3 1 5
5 0
2 0
2 0
2 0
2 0
4 1 4
5 0
2 4 4 2 4 2
3 0
1 1 2
1 0
1 2 3 3
5 1 2
3 0
4 0
3 2 3 5
1 1 3
1 0
5 0
4 0
5 3 5 3 1
2 0
2 1 5
1 3 2 2 4
2 1 5
1 1 5
5 1 4
1 1 3
1 2 4 1
2 3 2 1 3
5 2 1 1
5 0
3 0
2 1 3
3 0
1 1 1
2 1 4
4 2 1 3
2 1 4
4 0
4 1 2
4 0
1 2 1 5
3 0
3 1 4
5 2 4 3
1 1 1
3 3 1 4 5
2 2 4 4
2 3 1 4 4
4 2 1 4
1 0
3 0
5 0
4 4 4 5 5 4
1 0
5 3 2 5 3
3 0
3 1 1
2 1 2
2 2 1 2
3 0
4 2 3 4
4 1 2
1 3 2 4 4
1 2 2 3
5 0
2 0
5 4 4 2 2 2
