25
3 20
1 3 2
1 3 3 1 2
2 0
3 1 2
3 1 2
1 1 2
3 1 1
2 0
3 2 1 2
2 2 2 3
1 1 3
1 1 2
3 2 2 2
3 1 3
2 2 2 1
1 3 2 2 3
3 2 3 3
3 0
1 3 2 2 1
2 1 1
3 0
3 10
1 2 2
2 4 1 2 2 1
1 0
2 1 1
2 2 2 2
1 0
1 0
2 1 1
1 1 1
1 2 1 1
1 3 2 2 2
4 20
3 2 2 1
1 0
1 2 3 2
1 0
2 2 1 3
1 0
2 2 2 3
3 1 3
1 0
2 2 1 1
2 2 2 1
1 0
3 0
1 1 3
2 1 2
2 2 2 3
3 1 2
2 2 3 2
3 1 3
1 2 1 2
3 4 3 1 3 3
4 20
2 3 3 3
2 0
2 2 1 2
2 2 1 3
3 0
2 0
3 3 3 3 2
2 0
2 3 3 2 1
1 2 1 2
1 1 3
1 1 1
3 0
3 2 3 1
1 2 1 1
2 0
3 1 3
3 4 3 2 3 1
1 0
1 2 3 1
3 1 2
1 1
2
1 3 1 2 3
2 13
2 2
2 0
2 1 2
2 2 2 2
2 0
2 1 2
2 0
2 1 2
2 0
2 3 2 2 2
2 1 2
2 0
2 1 2
2 0
1 1
2
2 3 1 2 3
10 20
1 2 3 4 5 6 7 8 9 10
10 1 10
4 1 4
2 1 2
3 1 3
9 0
10 0
9 1 9
5 0
4 0
2 0
8 1 8
3 0
1 0
6 1 6
7 1 7
5 1 5
6 0
7 0
1 1 1
8 0
1 1
2
2 0
3 3
1 1 1
1 0
1 0
1 0
1 2
2
2 0
2 1 2
3 20
1 4 2
3 1 3
2 0
2 2 4 4
1 2 2 1
4 0
1 0
3 0
4 2 2 1
4 2 1 3
1 2 4 1
2 3 2 1 1
2 0
4 1 1
3 1 1
4 2 4 2
4 4 1 1 4 1
2 2 3 1
3 2 3 1
2 2 2 1
3 6 1 2 2 2 4 3
3 5
1 2 1
2 2 1 2
1 1 1
2 2 2 2
2 0
1 1 2
1 15
1
3 1 2
2 3 2 1 3
3 2 3 2
2 0
3 3 1 2 2
2 2 3 2
1 3 2 1 2
3 0
3 3 3 2 1
3 3 1 2 1
2 2 2 1
2 2 2 2
2 2 3 2
3 2 3 2
2 1 1
3 19
1 1 1
1 0
1 0
1 0
1 0
1 0
1 0
1 1 1
1 1 1
1 1 1
1 1 1
1 1 1
1 1 1
1 1 1
1 1 1
1 1 1
1 2 1 1
1 2 1 1
1 2 1 1
1 2 1 1
1 1
2
1 1 1
1 4
1
1 0
1 2 1 3
2 0
3 1 2
4 10
5 2 3 1
3 2 6 3
3 4 3 6 3 2
5 2 3 1
5 6 6 4 3 1 2 5
2 7 4 3 5 3 6 1 4
5 1 2
2 3 3 2 1
2 2 4 6
5 3 2 1 2
3 4 4 3 3 5
3 20
4 3 2
1 0
2 1 1
1 0
3 0
1 2 3 2
4 0
4 1 1
3 0
3 2 3 3
2 4 2 4 1 3
3 3 2 3 4
2 1 2
3 0
4 1 1
4 1 4
2 0
2 1 1
3 1 1
4 0
1 1 3
23 5
2 3 1 3 3 1 1 2 4 4 3 4 1 3 4 2 1 4 3 4 1 1 2
4 2 3 3
3 2 3 2
3 0
3 1 3
1 1 3
2 9
13 13
13 1 13
13 1 13
13 1 13
13 0
13 1 13
13 1 13
13 2 13 13
13 0
13 0
20 15
2 3 2 4 1 1 4 2 4 4 1 1 4 3 2 3 3 3 1 2
3 2 2 5
3 2 1 2
3 0
2 0
5 1 3
4 1 4
1 1 2
5 0
4 2 5 2
4 3 5 3 3
3 3 1 5 2
5 1 3
2 0
4 1 3
5 3 2 4 4
2 15
3 2
1 2 3 2
3 1 2
1 7 3 2 3 1 2 2 1
3 1 2
3 0
3 1 1
1 2 2 1
2 3 2 2 1
1 0
2 2 3 3
2 0
2 1 3
3 1 3
1 2 3 2
3 3 2 3 3
1 20
9
14 1 4
3 2 6 14
6 3 9 17 3
2 2 14 6
10 2 6 2
1 1 10
7 1 1
5 1 7
19 2 5 5
18 1 19
20 1 18
13 1 20
12 2 8 13
17 2 9 12
15 1 17
16 1 15
8 1 16
11 1 8
4 1 11
9 2 12 4
2 20
12 4
10 2 10 13
11 1 15
1 1 7
18 2 18 17
4 2 9 20
19 2 10 10
14 1 10
5 2 1 6
17 2 9 8
9 2 14 11
16 1 14
12 4 9 1 9 19
15 3 16 13 2
6 2 2 19
8 1 3
20 1 16
3 2 1 12
2 2 6 5
7 4 5 12 18 5
13 1 1
