100
2 2 2
2 1 3
4 4 1
3 2 3
5 7 7
5 20 1
6 10 3
2 4 4
2 4 1
15 10 9
20 10 16
5 20 20
1 1 1
5 4 5
3 2 2
7 5 7
7 2 7
5 4 4
5 5 6
7 4 7
10 10 1
18 3 6
2 1 4
4 4 3
8 16 6
8 8 8
16 8 8
5 10 5
5 5 1
10 10 10
7 1 7
5 15 2
6 12 12
6 3 4
3 3 4
6 20 20
6 18 1
4 2 4
6 6 3
12 12 2
20 20 20
8 4 4
7 6 7
4 1 4
18 9 12
3 4 4
5 20 5
5 2 20
7 3 7
4 3 2
10 15 5
2 3 3
18 15 18
5 10 4
5 20 4
20 17 14
14 7 8
5 10 10
5 15 3
5 3 10
13 16 10
4 3 3
5 6 10
17 4 5
19 19 1
5 2 10
19 19 19
5 10 7
19 19 10
5 3 5
5 5 5
6 4 20
5 2 5
8 7 1
6 5 5
3 1 3
6 4 9
10 5 20
5 3 20
9 9 9
7 7 7
8 10 11
6 3 8
4 4 4
6 18 18
6 6 5
6 9 2
5 4 15
6 6 6
5 5 3
18 12 15
7 14 4
6 3 20
5 3 8
7 14 20
18 6 9
6 4 6
2 1 1
11 11 11
7 14 5
