10000
10 61
8 61
8 50
2 57
7 49
10 10
8 53
1 23
7 62
3 37
10 47
9 13
6 9
6 87
3 66
8 61
10 37
5 6
1 49
6 12
4 59
10 28
2 45
8 53
3 36
6 84
4 45
4 0
9 95
4 96
5 32
3 68
2 89
8 76
1 21
8 34
9 21
7 67
5 50
4 79
9 29
9 45
3 9
8 68
6 50
6 99
9 71
10 96
5 54
4 9
2 95
2 37
8 61
9 39
5 44
5 25
4 34
7 73
4 4
4 15
7 8
5 58
7 67
3 22
5 96
6 74
4 88
5 2
3 32
10 79
10 57
2 43
4 73
4 32
4 67
6 28
7 32
6 97
2 42
3 89
2 7
1 37
6 78
9 100
1 34
8 95
1 44
1 40
6 15
6 24
1 65
10 65
2 98
7 76
1 27
5 52
6 19
7 18
6 50
3 67
5 67
1 13
1 84
1 94
1 72
5 30
9 72
4 4
1 56
8 78
4 29
4 90
7 60
10 5
1 67
7 73
4 9
3 4
10 70
6 66
8 71
8 75
6 68
10 90
10 6
9 55
3 49
9 18
8 37
2 78
8 64
8 89
6 98
7 14
5 13
3 1
2 71
4 2
6 23
1 68
6 94
9 28
5 1
9 94
3 41
2 11
5 36
1 44
4 39
5 72
10 3
9 61
2 28
5 63
6 42
10 7
8 97
3 57
1 3
5 75
3 2
2 78
6 69
4 83
7 97
3 63
1 3
1 41
9 30
1 86
5 99
2 97
7 43
7 93
2 86
3 90
7 72
1 43
1 30
9 91
4 38
8 63
9 9
6 4
8 29
2 57
9 72
2 91
7 30
5 16
5 1
6 99
7 76
1 39
3 90
6 70
1 100
2 0
8 81
2 79
1 69
2 19
6 49
6 31
7 32
4 75
1 77
6 95
1 34
1 16
3 73
9 26
2 43
3 34
7 44
5 73
8 63
7 94
1 69
1 67
4 31
8 42
2 10
4 8
6 79
3 58
8 93
2 44
3 65
4 31
5 27
1 97
4 80
2 84
9 50
1 95
1 37
3 21
1 63
8 49
6 25
3 58
4 56
5 50
6 96
10 80
4 93
4 62
6 42
3 41
3 34
9 69
4 12
8 92
9 5
10 74
10 28
1 6
9 50
3 43
4 13
3 16
7 81
7 88
9 42
4 55
1 92
8 95
5 92
8 58
9 55
2 88
3 21
6 38
1 60
4 14
7 84
2 86
2 17
7 57
3 40
2 52
5 39
9 30
5 12
1 12
8 7
10 45
9 67
7 43
8 65
10 58
6 90
3 47
7 56
9 71
7 10
10 58
8 71
1 73
4 57
1 41
5 50
10 61
8 48
2 94
1 97
7 67
8 81
8 89
8 26
2 22
5 97
4 56
5 5
2 31
9 80
2 44
2 12
3 61
5 1
10 98
7 22
10 95
8 95
5 12
8 14
9 67
10 0
8 88
6 81
4 1
4 41
7 66
3 86
6 10
6 24
2 65
7 16
9 38
4 59
10 19
4 28
8 22
5 91
5 94
9 50
7 95
3 20
8 96
7 20
3 3
10 56
6 15
2 67
7 60
8 61
8 82
6 18
2 30
7 72
4 33
7 59
1 26
3 57
3 13
2 75
9 95
2 56
5 34
10 81
9 8
4 27
7 39
9 38
6 33
1 72
7 85
2 81
4 88
3 65
8 68
2 83
9 48
1 12
4 33
5 72
7 36
8 48
6 76
10 14
2 51
3 71
10 21
5 6
8 98
8 9
8 13
6 77
2 2
6 15
4 8
4 50
10 99
6 57
7 24
10 58
1 2
10 98
8 74
2 29
2 98
2 57
10 56
10 92
4 24
3 49
3 79
6 69
8 6
10 57
3 87
4 57
9 33
10 19
4 85
10 33
10 97
4 71
2 17
2 18
7 9
8 57
8 30
8 15
3 41
1 2
10 29
1 99
4 17
5 95
10 52
5 4
6 84
10 90
5 38
2 5
2 37
9 67
3 66
10 81
4 62
8 99
1 55
3 98
3 95
7 78
10 43
1 10
6 41
10 36
1 92
4 84
10 98
5 91
3 38
9 58
4 100
5 53
8 2
4 87
7 6
2 86
8 75
9 26
3 84
5 81
5 94
6 7
10 91
8 23
7 66
1 93
1 7
7 15
1 83
1 37
6 77
6 61
9 33
5 72
9 55
8 29
1 21
2 97
6 79
4 97
10 5
8 77
3 4
10 53
3 79
8 30
10 52
6 54
1 100
2 48
3 15
6 74
9 63
6 12
1 37
1 97
4 44
8 74
7 14
8 78
3 97
10 83
2 7
4 38
6 62
3 29
5 2
1 17
5 5
1 12
9 75
3 87
3 92
2 79
5 56
9 1
2 16
3 91
2 59
7 98
9 69
5 25
7 50
3 17
6 30
2 47
5 31
10 7
10 0
1 78
9 59
2 3
3 33
8 59
3 14
1 83
2 40
4 5
1 69
9 61
7 96
6 10
10 23
7 81
1 67
9 11
8 29
7 26
4 93
6 23
4 78
8 68
4 85
10 93
2 13
2 78
5 35
7 84
3 7
5 53
4 6
3 25
3 68
1 3
9 57
8 71
3 71
6 59
5 88
1 64
4 43
5 0
4 22
5 25
10 76
3 12
5 98
3 86
8 20
10 33
1 99
10 77
5 5
9 57
9 15
6 19
8 15
8 39
3 99
2 60
7 54
5 55
6 52
4 70
4 54
4 4
6 95
4 26
3 53
8 3
2 78
6 84
6 54
1 72
4 62
2 54
1 17
7 89
7 44
6 1
8 95
10 5
2 79
2 56
10 46
6 44
10 53
3 15
2 75
9 63
6 18
3 23
3 9
7 23
8 4
3 86
5 77
10 20
2 75
8 88
2 77
7 47
8 46
7 25
1 92
10 12
5 14
8 99
3 63
7 58
7 34
6 99
3 46
7 97
1 54
8 38
3 25
7 7
8 54
4 44
4 72
4 80
3 57
9 97
5 19
9 13
3 94
8 79
10 43
8 89
3 66
1 34
3 24
9 19
10 67
7 7
3 8
4 73
6 9
1 87
8 92
2 90
2 26
5 90
8 65
8 56
6 83
5 30
4 76
3 67
9 61
4 31
5 89
3 63
8 28
4 86
7 35
7 31
9 32
3 89
5 27
6 28
7 21
6 71
5 58
3 95
4 37
1 47
6 39
6 78
5 66
1 10
6 14
2 20
10 42
8 66
1 33
10 55
8 19
1 74
10 15
4 18
3 45
1 99
9 78
3 86
8 33
10 9
6 14
2 58
6 92
10 13
6 56
7 72
8 87
7 44
1 6
8 63
1 13
6 40
8 21
9 74
7 30
8 45
1 48
1 60
3 98
4 74
4 25
5 58
8 44
9 61
8 12
10 47
9 69
7 73
10 21
3 71
8 34
4 37
8 33
6 97
3 41
4 18
3 51
8 5
10 10
8 38
1 78
10 0
1 68
3 17
5 71
7 21
7 93
8 11
4 9
10 32
10 22
10 73
5 85
6 69
9 24
3 81
6 47
2 1
1 4
7 7
7 95
4 98
7 32
10 93
1 88
8 27
3 83
7 24
9 66
10 44
6 93
9 77
2 81
6 67
8 100
7 47
3 16
6 51
8 16
10 79
4 24
9 69
2 16
8 88
6 10
9 9
8 34
10 36
2 84
6 44
5 83
10 45
2 89
10 59
4 54
1 37
10 15
9 11
4 7
1 28
2 98
1 66
10 89
6 32
7 50
4 66
9 49
8 68
2 86
7 39
8 93
9 29
5 38
2 44
10 26
10 75
6 25
9 84
7 66
5 27
2 69
7 96
10 49
1 27
10 48
4 40
2 28
3 49
2 61
5 72
4 58
7 61
10 41
8 19
8 77
8 14
4 43
2 30
10 47
9 84
10 46
7 13
5 62
7 63
1 55
2 11
10 19
10 32
6 17
9 35
1 21
1 30
3 95
7 44
10 55
10 58
6 39
2 59
7 56
1 23
2 72
4 43
1 98
6 31
4 7
7 10
9 89
5 43
10 80
10 2
5 60
2 72
5 26
10 12
7 6
3 75
8 51
10 49
1 38
3 66
10 66
5 68
3 49
6 95
9 33
2 13
4 87
7 52
2 24
9 66
7 26
8 41
5 62
4 61
10 5
10 89
9 46
4 21
7 62
7 30
7 88
8 9
1 15
4 60
9 66
5 82
8 22
5 70
3 70
9 15
5 99
1 95
5 85
9 96
10 77
6 27
5 97
2 19
9 20
4 64
4 89
8 92
7 70
6 27
3 71
2 56
5 87
2 100
4 77
7 55
10 23
2 22
8 70
8 8
6 77
3 11
5 44
1 98
1 23
7 43
3 81
6 96
9 1
4 96
9 68
8 9
6 19
9 67
6 26
8 31
10 65
10 66
10 98
9 31
2 40
3 62
7 43
4 47
8 25
4 76
10 22
5 62
7 96
4 40
5 13
8 95
7 56
9 14
10 64
2 35
1 94
8 31
8 80
4 67
4 31
5 75
4 44
4 3
7 58
4 100
4 18
2 64
1 59
8 36
9 27
1 93
7 31
8 49
3 14
10 70
6 3
3 1
9 29
6 38
8 23
1 95
9 37
4 46
6 61
1 0
3 36
6 42
1 0
3 68
2 10
6 49
5 41
5 30
9 64
6 8
5 18
8 11
2 93
7 14
9 65
1 20
1 47
10 1
4 2
10 52
6 68
6 31
3 33
4 97
7 98
7 69
6 15
4 41
3 19
5 98
6 88
6 11
7 99
1 23
7 52
1 61
8 19
3 16
7 12
2 48
2 54
7 12
4 79
4 35
7 96
5 79
10 18
8 54
10 23
6 35
3 98
2 6
3 4
5 72
1 98
9 22
3 70
8 65
1 28
7 79
4 46
3 77
3 62
5 97
8 95
4 23
10 34
1 62
10 77
3 29
6 5
1 4
9 42
5 60
3 8
4 47
3 45
9 99
8 91
5 37
2 24
6 98
5 68
2 52
6 98
9 85
4 49
3 14
4 95
1 48
7 88
7 58
1 73
9 51
1 97
9 25
8 99
3 79
7 39
8 14
10 19
3 10
1 57
5 38
7 85
8 51
8 34
6 88
7 20
5 39
2 0
8 70
3 86
3 68
9 97
1 8
2 19
7 96
8 72
2 14
3 98
10 53
3 44
8 85
10 86
1 74
3 87
9 35
9 28
4 9
9 65
3 18
10 58
8 54
4 43
5 14
9 53
3 28
7 14
5 34
6 20
4 66
6 23
6 74
6 79
6 67
6 26
3 21
9 89
3 60
8 33
2 39
4 10
6 30
4 89
3 91
4 40
4 57
2 37
5 84
7 78
1 28
7 20
7 72
6 73
4 65
6 68
10 57
6 50
1 40
9 94
4 66
7 16
6 45
5 4
6 92
8 8
10 18
6 1
3 4
9 16
10 88
2 15
2 76
8 10
9 95
10 57
10 50
6 56
2 56
7 51
10 98
2 99
10 62
3 54
1 21
8 28
4 1
8 45
5 65
1 31
7 84
4 51
10 30
1 87
6 96
3 60
3 70
2 39
7 76
4 29
4 47
8 2
6 50
6 73
1 12
2 40
9 14
8 48
6 87
8 49
9 51
1 76
6 2
8 48
10 83
8 49
9 15
4 40
7 66
6 21
6 11
6 31
6 84
8 13
2 60
4 14
10 43
10 35
8 78
4 3
1 56
3 99
8 36
5 28
4 25
3 4
2 14
8 67
7 68
4 88
10 61
1 62
7 26
5 51
10 85
1 100
2 6
6 27
10 62
10 73
5 17
9 2
3 29
2 27
10 67
9 4
2 48
5 43
1 79
4 54
9 46
6 93
6 1
7 80
8 84
6 34
2 56
2 40
4 79
9 41
6 88
1 42
3 52
2 18
1 55
5 79
3 92
1 89
9 63
9 26
5 16
8 49
4 80
5 64
3 20
1 74
9 1
1 54
7 16
9 9
5 27
7 9
2 30
3 15
8 89
9 43
5 94
2 26
9 56
8 88
2 45
2 39
4 29
9 29
9 41
5 5
7 57
9 40
6 79
1 36
5 69
9 71
10 97
8 73
4 50
7 19
2 40
7 39
4 70
3 43
7 2
8 60
2 31
7 98
5 25
5 21
9 56
2 28
10 51
3 88
3 45
9 53
10 28
9 63
6 27
2 40
1 88
6 41
5 77
6 98
7 3
7 19
9 10
10 11
6 60
3 33
4 78
1 40
5 96
8 34
4 99
9 72
4 53
2 4
9 23
2 52
5 73
9 66
4 66
1 86
3 99
6 87
3 46
3 33
3 50
3 62
2 65
10 27
8 52
8 56
4 95
6 66
2 51
6 18
8 21
5 29
2 7
4 66
7 7
1 15
2 8
10 7
6 11
4 38
7 63
2 93
4 24
6 97
9 55
3 61
5 7
7 66
4 85
4 68
2 87
9 16
9 88
7 46
7 4
5 62
9 36
7 22
9 42
10 28
9 9
10 30
9 62
10 33
2 33
1 10
9 1
10 49
6 74
3 98
2 9
6 66
1 11
7 11
3 5
6 78
6 44
4 4
6 95
4 47
7 59
4 68
6 74
1 64
5 16
1 76
2 51
5 23
9 38
7 40
6 53
6 66
1 11
2 45
5 87
3 78
6 1
3 0
5 34
5 66
1 83
9 95
5 23
4 19
10 64
1 51
5 6
2 85
1 94
4 41
5 4
9 56
1 56
7 0
9 70
9 38
4 77
6 84
3 100
1 39
4 11
10 94
7 14
3 45
9 77
4 31
7 60
2 2
7 83
1 13
2 33
6 47
2 36
4 4
1 33
2 68
9 15
8 1
4 10
9 28
2 52
5 39
5 39
5 70
5 37
9 34
8 82
4 91
10 91
9 43
6 62
2 60
7 95
3 84
10 7
8 47
1 90
4 57
6 12
7 68
7 38
9 84
3 44
2 79
5 10
3 64
7 51
4 22
8 88
7 53
1 47
3 3
7 75
3 24
4 39
8 6
8 7
9 69
5 98
10 94
7 20
3 75
8 75
5 21
6 35
10 90
4 4
1 12
8 87
7 35
3 53
7 61
6 97
6 33
3 58
6 83
10 94
5 27
2 84
6 46
1 95
6 81
8 24
2 46
2 88
6 13
6 31
2 54
9 83
5 94
4 24
10 57
1 20
10 8
1 36
7 22
8 1
10 100
8 59
8 31
2 91
7 20
7 36
10 16
1 54
10 65
4 80
4 14
9 21
3 0
2 18
10 90
6 20
5 75
4 74
1 23
4 17
6 29
8 54
1 54
3 75
8 78
10 61
8 21
8 6
7 24
8 50
9 88
10 60
2 27
1 31
3 89
5 79
3 66
8 18
6 71
7 2
8 89
10 32
3 28
7 12
1 71
7 63
7 52
5 71
7 76
2 87
10 61
9 99
1 91
7 93
2 27
1 54
3 27
6 48
4 76
3 15
2 52
5 61
5 92
9 42
4 59
4 90
9 17
6 54
9 8
2 2
2 78
7 58
8 96
8 59
5 92
5 21
9 12
8 48
1 22
6 93
8 72
7 83
8 4
6 16
6 77
6 13
7 5
3 61
5 90
1 64
7 83
10 14
8 34
9 28
8 55
2 58
4 70
9 92
1 90
9 11
6 4
5 49
10 71
6 45
6 44
1 37
2 24
6 71
6 73
5 75
6 42
2 67
8 20
4 71
1 50
8 38
9 14
9 3
7 15
10 52
3 40
4 81
8 57
9 83
4 45
3 96
9 88
9 28
7 47
10 96
9 43
2 31
3 91
4 75
2 64
3 55
1 64
4 65
5 73
10 73
5 89
4 71
7 1
3 35
5 5
2 100
7 29
9 60
3 12
4 7
4 29
8 14
1 92
5 17
5 91
8 20
10 43
8 98
10 1
3 54
1 84
4 75
6 77
10 0
7 0
5 57
3 62
2 56
2 39
10 34
8 71
4 20
1 98
9 84
9 78
10 9
8 66
5 24
9 47
3 92
9 77
3 63
10 67
3 39
5 71
6 67
3 91
5 63
7 52
3 22
8 91
4 64
9 83
2 80
4 53
8 74
7 45
3 22
2 57
1 42
9 52
7 83
4 29
7 14
10 50
9 55
7 85
2 98
5 42
5 9
6 76
1 87
10 84
10 90
2 96
3 18
6 89
5 12
8 81
3 63
2 92
9 17
5 44
6 89
7 92
2 43
9 1
9 69
2 38
7 23
2 27
1 94
8 58
2 76
6 32
7 86
1 25
6 57
6 75
5 40
7 36
2 94
6 37
6 47
5 63
4 93
5 84
2 72
10 32
6 89
6 39
10 59
5 98
2 24
10 64
1 36
9 1
6 59
8 46
9 78
8 8
5 23
7 69
10 65
9 33
4 44
3 33
5 0
6 47
9 18
1 54
3 88
1 87
2 72
1 38
6 24
9 74
3 19
9 21
5 46
5 66
10 92
8 66
5 77
1 51
10 51
6 5
8 25
6 35
6 1
3 94
9 82
3 78
9 45
2 68
6 6
7 75
8 2
6 92
9 2
3 2
3 62
10 53
2 47
4 57
10 45
7 39
1 35
6 20
8 84
9 70
3 52
2 31
8 38
1 13
6 0
7 86
8 43
8 25
9 24
9 89
3 31
5 72
5 9
8 48
1 49
10 87
2 40
3 52
2 10
1 16
7 96
7 46
4 11
5 59
7 38
4 32
8 21
1 37
6 39
8 27
5 1
2 95
7 92
2 32
4 10
10 26
10 79
3 19
10 27
4 35
10 54
1 100
7 63
9 98
6 59
2 17
3 70
5 34
8 38
2 34
3 25
6 66
7 68
4 38
9 15
6 22
8 72
5 2
4 62
2 55
4 38
9 32
4 49
10 94
1 5
3 19
4 40
1 23
2 92
7 2
9 84
4 59
5 63
3 85
1 16
10 74
7 86
1 69
3 92
7 10
1 79
1 84
10 99
5 13
2 39
8 43
1 98
6 35
1 53
1 39
1 73
4 6
3 46
4 22
7 24
2 30
9 89
4 68
5 97
5 77
5 70
2 42
5 10
1 81
6 76
10 1
1 52
10 25
1 22
8 5
9 24
2 70
3 77
6 14
3 80
5 6
6 93
4 3
7 25
2 43
10 34
5 22
2 0
2 39
2 47
5 65
10 82
8 47
3 81
1 17
3 25
3 79
9 24
10 96
10 68
8 71
3 32
6 13
6 11
1 98
9 38
10 30
3 50
9 27
2 74
6 6
7 36
5 96
9 91
3 83
5 95
2 54
2 82
2 92
7 46
1 27
5 83
4 54
7 91
9 13
7 11
2 0
1 79
10 67
4 83
6 8
5 6
7 71
3 89
6 32
9 75
10 4
10 25
10 23
10 85
10 68
9 72
3 16
2 79
8 82
2 78
2 77
2 22
7 5
1 83
8 40
3 24
5 47
1 19
6 33
9 78
4 68
2 72
10 1
3 99
1 70
2 29
9 38
4 13
1 95
2 44
2 56
4 87
9 92
9 27
2 100
2 24
10 52
5 22
9 36
3 65
2 100
8 6
2 4
4 26
2 8
10 5
4 11
8 91
5 59
7 51
9 82
5 92
6 100
8 8
8 31
9 9
8 94
2 39
1 3
8 86
4 67
8 55
4 87
4 56
8 66
4 12
9 92
1 48
8 57
6 16
6 24
3 93
8 14
4 0
8 66
1 69
2 58
1 55
5 18
1 25
7 82
7 38
6 64
5 3
7 27
2 95
10 72
1 80
10 92
9 2
6 33
10 53
4 64
9 21
6 78
10 89
5 85
4 20
2 1
2 84
7 61
10 73
3 2
6 50
3 82
7 37
9 75
6 64
10 20
9 98
5 45
5 8
10 55
10 25
5 56
5 82
6 88
10 41
4 63
7 33
4 3
5 65
2 48
9 38
2 55
10 66
3 92
5 78
10 97
10 83
7 92
8 37
9 34
5 91
6 85
2 10
10 19
2 71
9 45
10 56
5 18
3 14
8 41
10 98
2 29
10 38
4 21
3 72
9 66
2 70
5 82
9 92
9 93
9 80
1 51
2 77
4 32
9 44
1 100
8 30
6 44
3 73
10 82
3 55
3 48
10 96
10 78
9 7
2 73
6 31
5 12
3 66
8 2
3 0
9 94
10 25
5 60
3 48
3 26
8 88
2 45
10 4
8 23
8 2
6 73
4 55
6 61
2 83
2 16
10 49
5 65
3 42
1 63
3 12
1 42
7 68
7 35
7 95
10 36
9 52
9 83
5 49
7 31
4 22
7 1
9 89
1 42
5 30
2 35
10 95
9 37
6 38
3 90
8 99
1 98
5 68
6 54
5 34
10 28
1 85
8 70
3 81
5 89
4 80
10 36
6 93
9 46
4 56
3 73
9 59
10 99
4 78
6 47
2 66
1 40
4 42
2 51
3 83
5 87
6 17
6 9
10 44
2 75
9 75
5 4
10 11
2 14
8 79
10 34
7 51
8 56
1 76
10 67
2 37
3 51
1 74
1 93
7 15
4 69
3 97
10 0
9 64
5 59
3 21
3 83
2 92
3 1
2 16
3 17
7 39
9 56
4 71
4 33
5 88
1 24
7 29
7 84
7 93
2 57
1 58
2 53
1 73
7 55
1 53
7 78
8 18
8 88
6 69
2 64
1 47
2 11
9 10
6 15
1 69
4 19
4 2
5 78
9 3
10 4
6 0
8 45
1 61
2 28
7 40
4 30
9 29
8 69
6 19
9 80
5 90
5 70
6 50
1 60
7 4
4 21
3 84
1 68
10 13
8 71
10 98
5 64
3 24
5 91
6 23
4 72
7 61
10 27
7 49
3 0
9 82
9 44
8 22
8 36
4 22
3 1
2 44
10 37
6 17
6 71
4 56
1 23
8 8
8 61
6 16
3 73
8 97
4 4
3 2
10 74
5 40
9 54
7 59
10 56
4 83
8 70
7 15
3 63
4 27
5 76
4 51
2 46
9 68
10 17
6 17
4 85
7 52
8 13
3 47
8 76
8 55
8 50
8 59
7 60
6 8
3 81
1 58
3 28
5 12
5 86
7 11
9 23
3 42
10 66
4 36
10 57
1 19
1 86
10 51
6 5
3 48
9 100
2 31
1 39
6 29
2 66
1 95
5 25
4 86
3 50
5 55
6 39
3 2
4 64
6 0
2 71
4 91
10 1
6 15
9 77
4 59
5 1
1 2
7 16
10 90
10 10
4 94
1 24
8 49
6 84
9 0
5 29
1 37
10 2
4 70
10 48
1 54
6 2
6 46
4 75
1 29
5 80
6 89
6 40
7 82
10 94
10 100
6 92
2 14
3 9
10 83
2 12
2 79
5 32
3 88
7 68
7 80
10 36
7 45
9 41
7 96
8 40
10 41
1 50
1 27
1 59
7 66
3 34
2 11
6 37
6 33
2 96
10 1
1 19
7 79
2 92
9 49
8 7
9 18
1 59
4 66
4 85
6 10
9 98
10 21
10 44
5 34
2 34
5 82
7 15
3 44
2 43
7 73
7 1
8 97
10 79
7 50
7 69
4 49
7 67
6 28
7 85
1 61
2 2
8 76
7 26
5 61
5 24
4 54
9 71
10 9
4 48
10 84
3 98
2 48
1 17
2 83
3 60
6 38
4 13
7 85
7 64
6 12
10 83
6 3
7 56
6 7
1 27
1 35
10 76
9 75
8 1
6 43
8 42
10 83
5 38
9 66
1 4
2 94
7 74
7 40
10 20
7 46
3 81
7 83
9 9
8 40
2 14
1 56
9 97
2 83
9 50
8 39
3 83
3 8
8 95
8 29
7 94
3 83
1 99
3 29
10 99
10 72
4 89
2 1
4 50
9 8
8 11
9 46
7 93
9 89
4 12
8 75
6 35
9 96
4 29
6 25
1 84
10 65
9 18
2 25
7 5
8 84
6 27
8 74
8 100
8 7
2 75
3 62
2 8
8 11
6 99
6 33
8 57
10 90
6 33
10 97
1 75
8 23
6 36
9 96
2 15
2 51
2 92
8 50
4 60
9 39
6 98
1 29
10 38
5 69
6 75
10 27
4 85
9 22
8 31
3 25
3 79
6 93
6 1
2 49
1 100
2 94
3 98
8 49
2 98
8 42
7 84
8 68
9 42
6 24
9 57
5 28
2 97
10 87
7 43
10 11
1 58
4 47
6 48
10 43
7 76
7 19
8 57
3 81
1 65
3 29
2 68
4 49
10 67
8 56
3 84
10 10
3 94
6 86
9 58
10 77
8 89
9 28
4 53
5 59
10 94
4 79
7 35
3 42
8 58
10 33
4 0
7 62
4 78
1 25
8 6
1 17
8 38
10 80
2 39
8 1
2 62
2 32
9 0
8 19
3 46
3 10
2 55
3 57
7 74
9 19
1 26
6 20
5 41
7 16
10 25
6 0
4 14
4 58
3 13
3 42
4 91
4 38
9 46
10 82
3 99
2 98
2 13
5 68
9 79
6 44
2 81
8 79
10 4
2 19
8 62
10 6
2 30
10 11
7 61
4 96
6 87
9 33
4 73
4 52
2 52
9 51
10 39
2 15
6 68
5 30
8 27
10 38
4 20
6 47
8 83
10 7
8 99
4 73
2 23
7 1
9 33
1 45
3 100
2 69
7 37
10 40
6 53
10 78
9 10
10 10
7 39
7 30
8 13
9 15
5 9
3 93
8 91
6 5
7 32
6 68
9 92
9 87
1 42
1 0
2 67
1 27
7 7
8 88
10 15
1 3
5 70
9 98
3 99
2 90
6 6
8 34
9 71
4 93
6 87
5 36
2 40
1 46
3 31
10 100
1 20
7 29
2 44
2 61
5 22
6 32
3 55
9 33
10 27
3 47
3 39
7 26
2 95
6 74
6 43
3 95
7 6
4 78
8 53
9 28
8 28
3 11
7 70
7 60
3 66
5 8
9 58
4 48
3 97
6 36
7 79
6 52
4 51
7 3
8 67
10 73
7 62
7 13
9 60
6 32
2 3
2 92
10 14
4 43
2 62
7 75
3 28
3 26
6 93
3 58
2 71
5 12
3 53
2 9
5 36
7 2
6 71
1 43
6 46
8 93
10 98
9 59
1 78
2 21
10 11
8 64
3 54
7 15
9 4
8 62
5 59
8 62
3 33
5 24
7 12
5 51
2 25
1 71
6 69
9 83
8 49
1 7
1 75
6 42
5 94
2 77
10 30
9 27
9 0
9 34
10 53
6 59
10 60
2 62
7 43
3 71
9 32
6 18
9 33
1 51
4 8
1 7
9 16
1 57
9 80
1 26
8 54
10 50
7 17
9 71
3 72
1 56
3 12
10 23
8 70
4 18
9 73
1 54
1 0
2 27
3 80
9 66
2 2
2 45
10 58
1 86
6 9
4 3
3 9
5 90
6 15
3 99
2 14
8 64
5 16
9 81
6 94
9 45
7 41
3 5
4 77
9 67
3 97
10 89
10 44
6 51
2 42
2 28
1 60
3 68
6 0
10 63
8 82
8 75
4 3
8 77
5 53
9 77
7 6
8 22
7 98
8 10
2 54
9 79
4 31
6 15
1 71
5 0
1 59
6 44
9 38
10 91
6 27
9 12
6 70
8 62
2 12
2 13
2 17
2 85
2 55
6 57
10 71
10 18
6 80
5 18
6 53
1 63
3 12
3 39
2 62
9 69
6 94
8 3
2 55
3 74
6 25
5 89
7 77
1 35
10 94
6 76
10 93
4 79
10 71
5 26
6 9
3 98
7 31
10 55
6 22
5 76
5 70
9 84
10 48
4 52
8 88
1 5
9 14
6 90
1 79
5 55
8 93
1 12
10 22
10 73
6 42
2 59
5 59
8 16
9 4
6 42
3 87
10 18
7 32
3 85
5 21
5 11
7 7
3 28
9 96
5 40
2 89
1 43
5 89
7 25
9 71
6 61
7 35
3 16
8 23
2 99
3 57
7 94
2 7
6 98
7 85
2 60
1 51
1 95
9 31
7 67
7 83
6 46
1 44
7 97
1 74
1 28
6 16
7 17
3 91
7 61
5 29
1 67
8 17
10 68
9 51
5 37
1 0
6 85
8 86
4 56
6 20
1 47
8 54
8 55
9 58
2 3
3 37
1 28
9 1
3 99
4 43
8 51
3 71
8 88
10 78
3 86
10 61
10 6
9 46
2 7
10 36
8 89
6 24
7 14
6 28
1 91
3 76
8 13
9 65
6 51
9 38
1 85
10 57
1 90
2 21
2 100
4 93
5 91
9 89
5 62
5 88
4 82
3 9
7 82
10 64
5 19
9 70
8 76
5 27
5 36
3 7
9 58
2 3
9 49
3 67
4 50
8 59
2 77
10 22
1 34
10 18
4 88
10 59
1 39
6 28
8 41
1 55
7 68
5 55
1 60
5 37
9 12
3 57
5 25
5 95
10 76
1 43
4 21
8 54
7 21
2 74
6 21
8 95
9 11
7 66
9 91
5 47
4 72
6 97
7 17
5 44
7 88
9 89
6 53
2 15
6 32
3 94
5 93
5 7
4 6
8 83
8 23
10 46
8 43
10 95
9 72
4 36
9 77
2 46
1 34
4 25
7 86
5 3
8 88
4 1
4 46
9 14
6 41
1 69
8 35
7 53
10 46
7 13
8 30
8 96
7 21
9 29
8 47
5 55
3 23
2 84
3 19
2 38
1 25
3 13
4 15
4 23
9 69
1 48
3 36
7 56
1 24
8 2
3 9
10 47
3 54
8 66
6 44
4 27
1 4
3 1
2 41
2 16
4 71
1 0
2 58
10 76
5 48
10 35
6 95
9 36
5 38
5 53
9 39
7 19
2 90
10 87
5 39
4 100
7 31
8 69
5 65
1 8
10 38
4 47
5 15
5 94
8 8
2 86
8 49
10 18
10 26
7 74
7 42
9 55
10 0
5 90
4 34
2 42
1 35
6 1
5 75
5 5
5 15
8 91
2 69
8 70
8 45
3 43
6 43
1 92
2 95
6 52
4 72
1 90
5 7
6 26
2 30
8 33
4 51
1 44
9 39
2 53
2 8
9 83
8 20
6 78
1 37
7 61
1 100
5 21
9 50
3 17
1 30
2 36
1 0
10 76
3 81
8 48
7 78
3 96
10 84
1 52
3 35
2 87
3 39
8 0
9 10
5 41
1 57
10 94
5 80
1 44
4 3
3 75
5 24
1 91
6 80
3 97
7 73
5 12
4 72
4 36
3 78
1 19
5 92
3 12
6 21
1 86
5 24
1 9
3 14
10 74
7 88
2 35
8 50
6 62
8 45
4 12
7 74
5 31
9 89
1 38
9 15
2 21
4 64
4 71
1 11
1 70
8 70
7 88
5 15
6 29
5 94
2 91
4 17
4 66
8 69
1 94
1 98
7 21
10 76
10 37
1 32
2 47
5 59
8 84
10 77
10 49
8 31
3 78
4 28
5 52
3 78
8 6
2 14
1 86
4 4
6 100
2 96
8 47
2 21
2 92
6 48
6 72
2 65
6 70
1 16
10 3
2 49
9 59
1 10
1 56
1 25
6 93
3 72
3 13
6 57
6 79
2 76
9 6
3 12
3 79
1 65
6 18
2 1
7 7
8 3
7 66
3 64
4 78
10 20
7 22
3 78
10 90
1 61
10 23
4 95
9 38
4 22
8 8
2 57
4 12
4 38
9 1
2 82
10 16
3 91
1 66
6 55
8 77
9 78
9 48
2 75
2 24
1 19
10 62
8 3
5 33
6 39
2 89
5 39
7 15
5 95
5 15
9 78
4 42
5 97
6 66
10 42
5 2
4 23
10 75
5 30
7 80
10 14
10 19
5 59
1 67
2 54
3 42
6 90
10 81
4 9
3 88
1 77
4 13
1 38
4 50
10 18
3 86
1 78
8 1
2 74
1 36
3 60
7 92
5 85
10 65
8 68
4 33
10 83
6 77
3 90
8 15
9 74
8 21
7 29
2 69
2 21
6 86
3 94
3 84
2 96
6 61
4 12
7 94
5 20
1 80
10 93
10 73
9 43
2 20
10 25
2 14
5 11
5 2
2 98
4 24
3 92
2 38
6 30
5 30
9 46
1 98
1 70
4 78
4 39
10 71
7 57
9 40
5 56
10 28
3 64
6 93
5 24
6 35
7 16
6 0
5 4
1 40
5 68
3 49
2 65
1 58
3 23
10 1
6 6
10 24
3 22
4 61
8 46
4 13
3 44
10 67
8 94
1 68
3 23
5 31
1 64
6 70
3 45
6 70
9 73
9 55
10 29
5 0
7 36
2 72
1 47
9 42
1 76
3 46
9 51
9 2
9 44
5 96
10 83
5 20
9 20
9 59
2 28
5 20
6 69
6 73
6 71
7 85
2 81
7 79
10 95
6 23
3 11
1 68
7 20
4 18
1 20
4 27
7 77
4 79
8 7
9 86
4 9
8 95
8 29
7 98
3 8
3 13
4 17
8 4
5 47
2 27
7 64
9 12
2 63
2 75
3 34
1 43
8 12
10 38
9 59
10 24
4 72
5 82
1 61
5 3
8 32
4 11
8 38
4 22
10 22
10 20
8 91
9 90
2 15
8 39
7 67
10 83
9 75
10 62
9 58
9 4
8 56
8 21
1 81
10 91
10 77
4 32
3 68
5 30
4 44
7 85
10 73
10 28
3 80
8 40
1 74
9 65
2 75
10 90
3 40
4 12
9 1
4 2
10 19
4 94
3 10
1 8
6 28
10 63
2 96
1 59
1 54
6 70
1 25
4 56
5 22
4 67
2 36
9 60
1 89
8 12
9 88
2 74
10 78
1 93
4 41
10 33
10 84
8 42
1 15
5 29
3 37
3 87
4 54
8 64
3 20
9 8
4 6
7 32
7 91
4 27
2 7
5 68
7 54
1 89
10 59
6 50
7 46
9 6
7 16
6 38
7 87
5 51
7 72
5 7
7 44
4 61
8 66
1 80
1 44
9 28
5 79
9 99
6 68
2 90
6 63
3 87
7 98
6 13
9 50
9 34
4 49
5 21
5 85
6 64
6 35
6 63
3 85
10 53
9 100
10 60
8 70
8 88
5 86
2 37
6 29
2 45
7 41
8 31
1 26
4 46
1 62
5 21
4 38
2 84
4 2
2 8
9 94
5 39
6 22
7 21
1 24
9 18
5 95
6 91
7 22
1 46
7 98
10 27
1 25
1 82
9 73
9 92
3 1
9 52
2 31
10 76
7 66
3 4
4 41
6 67
8 0
9 17
2 10
1 56
3 19
7 6
2 14
7 54
8 73
3 22
9 37
3 31
4 64
4 11
2 32
9 23
9 38
8 53
7 87
3 53
7 14
7 81
6 22
3 60
10 88
3 91
7 93
9 64
10 94
4 7
8 79
6 95
3 97
3 69
8 74
2 84
3 88
7 22
5 9
9 87
5 2
10 46
4 13
4 47
4 14
1 73
8 13
1 49
6 1
7 13
2 39
6 76
5 12
2 43
1 91
4 1
5 61
2 56
3 38
1 32
5 23
8 71
8 5
2 74
5 46
3 28
8 57
9 50
2 49
1 72
7 47
1 27
2 35
2 47
1 11
1 26
2 11
2 94
8 24
7 5
5 11
4 82
9 79
9 96
7 38
4 91
9 38
7 90
2 68
8 22
10 46
3 25
4 32
7 42
9 64
10 38
7 6
5 6
7 6
10 81
6 50
4 74
5 0
5 100
5 89
6 16
7 100
7 39
3 61
7 34
8 88
3 86
5 90
1 57
9 53
5 23
9 78
5 29
2 92
7 94
10 3
7 51
8 68
10 89
3 66
9 64
6 39
1 96
10 58
10 6
5 96
10 29
3 63
8 53
9 60
1 50
6 58
2 46
4 81
6 85
5 66
7 25
10 99
6 65
8 18
8 85
3 91
9 77
6 75
5 80
8 91
7 36
5 1
8 93
7 59
4 47
6 37
6 42
3 51
7 66
10 71
10 15
1 65
4 41
5 43
4 54
2 89
2 94
5 5
7 53
7 42
9 3
7 52
2 56
4 50
7 16
3 8
6 23
2 19
9 100
5 99
1 0
8 80
7 49
9 74
1 43
2 66
7 24
1 96
4 32
8 6
10 77
5 75
1 32
7 34
2 97
9 10
7 51
5 31
7 90
5 83
6 71
6 92
1 49
4 4
2 34
7 61
6 28
1 60
8 27
10 61
1 7
8 44
2 76
9 35
9 52
3 76
7 25
8 89
6 5
8 57
10 47
5 39
8 60
5 92
9 63
6 8
9 95
4 89
3 3
2 50
6 71
5 2
9 82
1 87
1 40
8 80
5 74
4 53
8 93
4 84
3 54
6 32
9 84
3 35
2 2
2 68
4 93
10 100
2 12
2 37
5 98
4 17
7 23
1 68
1 72
7 92
5 32
10 30
3 77
6 50
3 95
7 77
5 76
9 32
2 42
3 67
4 45
2 81
4 47
10 89
7 31
7 84
7 60
8 11
3 74
9 26
2 7
5 22
9 46
3 27
2 25
7 72
10 59
5 53
7 60
3 52
7 90
4 35
4 84
3 76
9 12
10 89
8 50
1 23
9 84
5 0
7 49
7 1
3 56
9 32
10 22
3 24
5 44
5 64
1 53
10 71
8 95
2 2
4 89
1 30
7 33
6 29
8 80
6 88
7 64
7 12
3 0
6 24
8 40
9 71
9 66
8 34
10 60
3 76
1 49
8 26
7 2
6 9
3 19
5 98
2 56
10 42
5 35
8 84
3 63
5 46
1 59
10 19
8 30
9 12
4 26
10 10
1 25
1 14
3 74
5 91
5 67
8 19
2 1
9 94
3 16
3 34
8 0
5 45
3 60
8 79
10 93
1 24
10 7
8 33
10 8
9 23
6 63
4 2
4 31
1 1
7 33
10 35
4 21
5 69
10 20
8 37
9 8
8 65
2 91
7 64
6 96
1 14
1 18
3 24
3 66
6 30
1 60
2 20
2 67
9 86
4 31
4 62
1 52
8 61
2 44
2 32
5 95
9 52
5 63
5 21
5 31
7 65
10 10
8 67
1 74
3 92
9 64
9 77
4 8
6 88
2 67
9 61
9 13
1 34
1 93
5 60
6 24
7 29
10 60
8 71
2 2
4 51
3 83
4 72
4 77
5 82
2 62
3 8
3 3
2 13
5 52
9 58
8 27
1 29
7 10
1 30
9 99
7 84
8 92
1 65
4 77
5 48
1 12
8 81
5 95
6 6
6 9
6 24
9 4
6 13
3 85
3 77
3 65
6 31
5 63
6 87
7 22
2 93
3 47
8 26
5 65
9 100
10 58
9 30
7 59
2 92
6 6
3 62
4 69
4 60
5 59
2 54
3 65
6 2
5 70
6 12
7 10
5 16
9 39
3 81
5 99
4 54
5 84
6 34
5 63
1 6
2 44
7 9
1 33
3 72
5 11
3 31
1 3
8 38
10 31
1 13
10 44
7 40
10 10
2 44
9 47
4 60
9 80
9 45
10 4
3 35
2 87
8 5
4 22
10 5
4 95
5 30
9 87
4 12
9 14
2 39
8 37
2 23
7 39
7 88
5 36
7 79
6 6
8 89
4 3
6 77
5 95
10 11
3 34
7 51
3 47
8 39
5 63
10 74
8 30
6 1
10 3
5 69
10 39
7 52
9 86
2 44
8 31
5 28
5 60
6 43
4 16
10 61
10 70
4 41
7 95
7 20
4 1
6 93
4 49
7 63
7 21
1 44
2 32
2 31
1 39
3 17
3 74
7 51
2 34
2 22
1 5
9 23
3 40
7 86
1 70
3 92
10 68
4 1
10 85
3 17
6 0
10 93
2 72
10 61
1 26
4 89
9 55
7 11
3 16
3 8
2 54
9 16
8 89
4 97
4 49
2 38
10 76
9 96
8 87
10 84
2 26
8 44
6 42
1 9
6 85
4 31
9 93
8 36
9 10
7 82
3 40
3 65
1 41
2 73
9 71
2 2
10 83
9 12
1 51
10 32
8 39
10 97
10 17
1 35
6 20
3 19
6 27
4 100
9 57
4 32
7 7
6 30
7 5
1 11
1 88
10 0
1 26
4 71
3 69
3 72
3 85
2 0
1 26
1 64
5 55
4 31
10 10
7 79
7 56
8 74
8 38
4 14
3 96
10 22
2 30
2 1
3 59
8 29
8 11
7 86
8 27
10 37
8 87
1 81
6 98
1 37
1 31
8 11
5 15
6 88
9 61
2 70
9 75
6 24
3 53
2 3
10 27
4 95
1 49
9 47
7 79
1 90
8 4
1 9
10 67
4 89
5 60
6 86
2 25
5 52
4 0
2 63
5 85
6 9
4 62
10 100
1 75
10 19
7 87
7 42
5 79
9 96
10 28
7 23
7 79
5 12
9 56
7 63
6 25
3 77
6 39
6 81
5 37
7 68
8 66
8 82
2 76
10 14
9 82
6 18
9 93
1 7
9 92
1 21
5 96
6 23
9 87
7 10
5 28
9 53
1 86
1 6
5 32
6 19
6 74
8 50
8 28
10 70
8 87
5 51
4 81
5 100
9 18
9 61
8 21
4 96
9 8
8 31
8 32
7 5
4 11
1 63
8 90
3 94
3 93
2 7
7 39
8 61
6 67
2 78
1 15
5 11
8 8
6 94
4 83
8 41
10 84
8 83
1 12
10 93
5 23
4 47
4 3
2 100
10 31
7 90
5 27
8 17
9 39
6 11
7 34
10 45
7 45
10 68
9 70
9 99
8 43
3 11
5 29
8 36
1 55
4 28
4 65
1 98
6 84
7 93
3 47
6 93
2 7
4 28
3 2
8 24
1 36
3 24
6 40
3 24
6 86
3 68
4 45
6 38
7 72
8 88
9 51
2 39
6 82
10 1
9 6
7 41
5 78
2 41
10 45
8 29
5 69
4 12
7 83
3 82
2 94
7 82
9 60
3 66
3 48
7 15
6 11
10 15
3 40
3 94
7 13
2 11
4 97
7 45
9 40
2 64
10 8
6 43
8 57
10 35
6 93
4 62
10 65
4 38
5 16
1 59
8 96
8 94
9 75
2 32
3 96
9 81
7 18
3 29
10 76
3 61
10 28
6 85
5 41
4 95
8 100
9 72
2 80
1 13
2 33
5 87
6 58
2 36
6 54
1 96
3 36
8 21
5 46
9 8
8 77
5 18
7 55
9 8
7 94
6 88
1 42
10 50
8 82
2 34
1 8
5 21
1 98
6 33
2 32
6 9
6 63
3 91
1 2
5 94
6 53
1 56
7 40
3 83
9 46
10 18
6 85
7 56
3 60
6 10
1 100
3 73
5 12
5 12
3 91
1 14
1 0
5 43
10 26
6 28
10 92
5 72
3 9
3 52
4 4
5 28
7 94
8 53
6 39
5 94
3 49
9 75
5 15
9 55
10 93
7 17
1 68
3 32
7 49
2 69
1 65
8 74
7 70
5 63
10 40
1 47
10 43
10 5
6 73
10 49
9 45
1 96
5 54
6 46
3 89
6 77
8 59
3 93
6 18
4 15
8 76
9 30
8 3
7 27
3 47
3 73
2 49
3 84
2 51
4 63
5 51
7 31
4 5
10 17
2 64
2 26
1 8
1 26
4 79
2 41
4 23
8 72
4 17
2 62
8 23
9 16
2 20
1 75
4 82
10 1
10 50
4 100
7 4
3 25
3 73
8 16
8 9
2 36
8 62
6 24
1 63
6 66
7 75
4 87
3 68
9 51
2 78
1 95
2 87
9 87
4 70
7 34
10 77
6 87
8 82
9 77
4 62
7 91
7 81
1 55
5 85
9 63
6 40
2 91
4 68
2 50
9 93
4 62
4 99
10 87
8 45
9 69
3 30
8 24
10 47
1 42
7 84
1 43
5 44
10 77
8 78
9 53
8 94
1 78
5 96
4 99
2 1
5 50
4 63
10 87
3 56
6 16
2 23
8 6
7 78
1 62
5 9
2 89
7 100
4 47
6 91
10 36
3 72
9 19
7 42
6 5
7 9
4 30
10 87
4 43
5 40
9 1
9 44
5 90
1 92
7 10
5 39
7 26
8 64
6 13
2 80
4 12
5 33
7 81
4 77
2 36
5 71
6 53
8 16
8 55
4 91
3 2
9 13
1 6
5 94
2 81
2 31
3 51
1 55
1 32
2 64
3 68
9 92
7 54
2 34
4 28
6 91
4 85
2 59
2 90
8 66
2 93
7 6
1 56
5 5
9 30
10 81
2 59
6 39
10 40
2 64
4 1
6 37
4 66
3 39
7 78
8 18
9 45
1 29
1 72
4 30
2 68
5 10
1 70
3 3
4 56
5 4
6 65
3 25
6 90
6 79
8 58
1 41
4 54
6 12
10 88
1 14
10 21
7 10
10 7
7 59
5 21
8 11
8 91
8 28
9 80
1 59
10 91
1 9
4 43
2 44
4 71
6 87
10 44
7 28
9 78
7 21
3 60
3 2
9 96
2 89
2 72
6 42
2 82
7 46
10 54
3 45
2 33
10 39
2 14
3 61
3 39
1 20
4 73
8 50
6 28
3 37
9 35
3 17
4 22
3 81
6 7
1 96
9 2
7 73
5 71
4 36
5 12
6 96
1 63
2 47
2 64
7 91
2 51
5 99
10 93
3 41
9 47
9 6
5 51
2 88
1 60
9 93
8 24
4 39
6 69
9 7
10 26
10 29
2 58
8 58
7 94
5 72
6 25
7 97
8 30
8 62
1 11
2 70
3 51
6 2
9 52
5 85
7 0
5 96
6 98
9 65
3 13
2 16
4 36
1 31
6 19
2 49
8 38
6 4
8 55
1 56
2 85
2 58
7 69
1 29
7 85
1 89
4 95
8 8
7 54
4 31
3 60
6 91
4 85
4 76
4 30
6 48
10 38
9 72
3 1
4 40
5 63
3 6
10 25
8 22
4 19
10 53
2 70
7 72
7 13
10 14
1 61
8 65
3 20
1 30
3 76
1 63
3 59
3 10
2 36
3 23
3 37
4 92
3 31
9 98
7 100
2 39
6 35
2 39
2 79
3 83
8 84
7 4
8 77
4 60
2 62
8 46
9 93
10 55
2 95
4 43
7 23
2 73
6 85
8 73
4 92
3 48
2 31
3 20
5 71
2 21
6 63
10 99
4 1
5 36
2 82
2 23
2 26
9 0
9 27
5 65
3 84
8 98
9 57
5 2
8 20
6 60
4 72
1 75
10 26
2 13
5 19
2 20
4 67
8 26
3 2
6 18
4 87
9 99
4 81
8 33
9 75
3 62
8 29
1 88
1 15
1 67
5 95
6 84
4 33
3 12
2 5
2 33
6 40
10 10
3 33
5 58
3 27
5 43
3 57
5 55
1 81
4 30
6 33
5 79
9 16
4 11
10 75
8 22
3 10
7 24
9 63
6 75
10 62
9 65
9 37
9 38
1 33
8 11
1 2
5 1
2 34
9 84
9 43
10 49
8 46
8 69
10 41
7 36
2 94
2 68
8 3
6 61
6 84
3 2
10 95
3 3
3 91
6 12
10 60
8 87
8 66
2 74
3 20
1 70
4 79
10 76
10 28
3 79
5 62
6 6
1 11
6 60
1 42
7 79
1 13
6 87
5 82
10 51
3 86
3 46
8 89
9 71
10 89
6 7
5 12
3 13
1 9
8 18
7 1
9 93
1 45
9 21
9 83
10 82
10 7
5 25
8 68
8 35
3 6
9 46
9 93
10 60
4 21
6 28
5 6
8 70
1 39
9 56
9 54
4 78
9 81
6 59
7 66
1 38
1 22
9 76
9 100
6 28
8 57
10 68
1 6
8 40
10 5
10 0
8 44
10 9
5 9
6 48
4 85
1 97
5 2
7 77
9 17
3 51
8 99
6 74
6 36
8 27
3 81
4 87
3 92
9 23
3 53
10 25
6 58
5 90
8 84
4 38
4 21
3 9
7 22
7 1
8 90
5 18
1 11
2 56
2 71
5 21
8 75
6 89
5 1
1 69
2 0
6 22
1 57
8 100
8 29
9 71
7 50
6 32
3 40
9 22
6 17
8 86
4 59
9 61
3 15
2 24
6 14
3 27
6 100
8 84
5 71
4 40
8 52
1 6
8 41
9 58
6 26
2 60
1 8
7 37
9 7
10 94
7 97
5 26
4 19
3 55
10 7
10 9
10 43
3 94
6 30
3 83
8 71
8 99
10 87
1 73
5 29
2 46
8 0
6 34
8 52
1 66
2 7
7 22
2 73
7 37
1 67
3 22
10 53
6 66
1 59
2 41
8 2
6 29
7 90
3 84
8 57
3 21
5 91
1 93
4 99
10 38
6 74
2 97
8 79
3 77
6 66
8 78
2 32
3 32
8 79
2 27
9 18
10 55
4 74
2 21
10 95
7 49
5 62
3 20
10 45
9 75
3 29
5 70
7 8
5 68
7 38
8 80
6 98
8 29
5 93
6 63
1 58
6 6
9 3
6 2
4 21
4 83
2 43
1 12
1 63
9 39
9 14
2 95
8 48
5 38
5 4
8 35
10 63
8 50
4 93
5 75
7 11
3 6
5 8
4 12
9 3
9 59
5 66
6 98
5 27
6 87
6 70
9 42
1 63
1 55
6 15
5 21
5 29
5 76
5 99
10 48
9 11
10 44
6 51
4 12
7 23
4 78
8 50
9 66
3 0
8 32
3 52
6 100
3 14
7 26
6 56
7 53
7 4
7 51
2 92
10 11
1 31
1 92
2 93
7 45
3 36
4 17
6 37
9 13
7 46
1 20
7 82
9 98
10 2
4 46
7 85
10 55
10 37
6 18
9 81
1 85
7 95
7 3
6 49
6 18
7 36
1 61
6 14
2 51
4 58
3 97
4 55
9 32
7 77
6 57
9 100
5 16
2 78
6 42
9 50
5 96
10 75
8 84
7 17
4 6
9 48
2 94
6 24
9 89
10 24
1 45
2 1
7 89
10 69
9 5
9 76
9 90
4 48
3 76
7 97
5 78
4 72
7 56
7 17
7 83
2 54
6 19
4 51
5 6
7 74
8 25
10 81
9 79
6 19
4 25
2 31
7 33
5 56
2 45
2 61
6 50
6 72
9 82
6 76
4 83
4 43
3 84
4 65
4 41
3 39
5 63
8 62
9 2
4 4
10 36
2 55
7 34
10 90
4 99
7 85
3 15
8 32
2 82
3 51
9 68
2 73
9 31
10 32
9 66
3 59
4 63
9 23
2 25
8 65
8 83
9 4
7 17
7 88
2 66
10 2
5 4
2 84
10 68
1 17
1 91
4 84
7 86
5 34
2 88
6 27
8 60
10 23
9 89
7 61
9 76
3 36
5 70
2 65
2 86
8 63
5 52
8 99
6 66
9 79
6 53
3 72
6 64
4 31
1 92
5 40
10 59
9 24
4 1
1 85
1 12
6 47
3 48
7 56
3 15
4 48
3 42
2 52
10 16
1 3
1 46
4 84
6 60
4 22
6 54
5 100
7 86
7 74
6 5
2 24
10 44
8 23
7 37
5 48
9 43
5 43
6 37
3 21
10 86
4 75
3 64
3 97
2 48
7 49
1 97
8 4
4 32
6 17
6 24
3 42
6 71
5 14
7 93
10 48
5 75
3 4
8 89
5 26
2 34
5 30
8 17
3 15
7 61
7 58
1 90
1 42
5 91
6 61
9 63
5 80
5 32
2 94
9 79
2 4
4 55
3 96
1 15
5 6
6 42
4 36
7 82
3 81
5 83
7 43
7 42
3 12
5 99
10 23
2 65
9 48
4 47
10 86
7 46
8 34
9 50
9 16
2 60
2 72
1 30
1 28
2 6
3 37
8 16
10 79
5 47
8 39
2 9
9 19
9 7
4 30
8 86
5 1
7 66
2 82
2 63
8 50
10 11
6 50
3 64
3 79
1 12
8 1
9 84
3 20
9 81
7 6
2 67
2 6
7 98
8 65
10 66
9 20
7 3
4 46
9 48
1 69
6 18
1 9
6 71
10 7
2 27
2 81
3 64
4 46
4 64
7 68
4 62
7 1
3 65
9 43
8 52
9 93
10 4
10 48
4 44
9 79
8 36
6 65
8 49
9 87
3 47
3 47
1 97
1 98
2 81
3 100
3 15
4 92
1 89
4 83
10 75
6 31
3 83
4 17
3 21
7 39
7 54
5 63
8 76
1 18
3 15
6 86
5 22
5 63
10 65
8 76
2 74
7 46
6 37
10 37
6 67
6 74
2 63
8 55
9 78
9 72
8 17
1 53
6 100
9 22
7 63
1 85
3 20
6 0
6 15
4 80
8 69
7 72
7 73
2 54
5 26
3 81
2 99
4 66
1 43
9 15
2 86
8 35
10 50
6 79
5 97
3 3
2 31
2 96
4 6
3 44
4 12
2 30
3 20
1 42
1 32
10 32
1 85
2 33
6 57
10 20
6 66
3 65
5 95
8 79
3 77
6 14
5 96
8 34
4 81
7 16
6 43
10 14
4 78
9 59
3 71
1 81
6 18
2 75
8 58
4 78
8 76
1 79
10 30
5 38
10 33
10 92
9 44
3 99
9 43
4 14
1 40
4 43
2 2
10 98
1 5
3 83
3 95
10 9
7 8
2 58
6 62
5 87
8 3
4 13
2 88
3 66
4 51
7 94
4 67
3 75
4 18
6 69
2 20
9 67
7 14
8 5
9 41
6 88
10 30
1 72
8 35
10 72
7 4
5 19
8 10
3 56
9 95
8 79
7 28
4 25
9 92
8 37
7 19
3 59
1 13
3 33
2 16
6 14
6 33
8 58
8 91
6 4
9 98
6 36
4 3
1 96
3 32
8 10
8 81
5 42
5 80
7 18
1 72
1 96
4 61
10 50
8 94
3 49
5 33
10 36
8 60
2 42
1 37
2 99
9 83
9 40
7 0
2 14
7 76
10 42
1 1
3 83
6 71
5 2
9 89
2 57
4 33
5 67
6 33
2 69
4 48
5 53
7 74
7 49
2 35
7 29
8 66
6 48
6 9
8 7
7 4
3 25
7 26
4 10
9 12
1 8
7 37
2 74
3 37
3 87
5 83
8 48
2 5
2 72
7 80
10 68
2 21
3 8
8 0
1 71
4 5
3 94
6 80
2 7
9 98
5 34
1 28
1 2
5 77
8 52
10 44
10 18
9 68
7 52
9 70
1 99
3 98
7 45
9 67
6 37
6 48
10 43
5 92
1 73
3 33
7 42
7 69
1 46
8 45
3 21
2 9
10 45
6 37
1 22
7 65
1 36
8 65
1 98
9 25
7 89
1 83
10 71
4 30
5 62
1 57
7 48
10 54
6 26
5 100
3 86
8 7
7 8
6 39
3 81
6 24
6 33
4 77
7 36
10 63
4 41
4 82
2 26
3 30
2 89
9 23
8 78
4 61
5 2
6 47
8 97
3 66
2 22
10 95
10 39
2 22
1 43
3 97
4 82
6 83
1 43
5 93
8 40
3 33
6 31
6 70
10 54
2 25
8 97
2 6
5 57
1 33
6 6
2 15
4 62
5 4
1 48
9 97
3 37
1 22
4 27
4 18
2 88
9 5
9 61
7 9
6 56
1 80
10 32
5 91
2 6
5 77
6 22
5 71
8 62
10 0
5 20
8 12
3 73
4 61
5 61
10 51
10 18
7 2
4 30
6 8
9 6
1 77
10 23
2 8
7 26
8 73
10 55
10 56
1 73
9 63
4 100
3 74
4 72
10 97
4 47
9 40
9 0
8 71
3 77
2 81
5 38
2 74
1 71
9 50
6 61
6 40
6 43
5 55
2 74
6 79
2 35
6 65
7 72
10 48
4 92
4 11
4 5
3 66
1 19
3 99
3 17
1 66
10 88
10 32
6 68
6 98
9 82
8 51
7 62
5 57
3 13
9 42
8 81
1 24
1 98
4 31
6 62
9 85
2 41
8 67
8 86
2 95
5 65
5 81
10 66
7 72
5 16
8 2
3 61
2 90
6 1
1 46
1 32
10 2
10 38
3 10
10 80
1 45
6 38
1 76
1 28
9 21
3 26
3 23
6 10
1 74
3 75
2 97
2 21
2 19
7 12
3 44
10 30
7 93
7 14
3 87
2 16
5 40
7 32
5 25
5 83
2 42
8 6
2 35
2 99
8 75
8 51
10 8
7 73
6 91
10 89
10 25
4 27
4 29
4 93
1 13
8 86
2 58
2 74
10 31
4 50
3 60
1 39
10 36
8 92
7 77
5 43
10 32
1 53
8 63
8 35
8 87
9 34
3 52
5 31
1 15
7 96
5 21
3 19
9 87
10 62
10 30
2 41
7 29
5 47
1 62
5 74
4 20
6 19
5 59
5 31
10 78
10 96
3 74
4 39
3 51
10 44
8 16
5 58
4 39
4 0
1 85
8 17
2 40
10 18
3 49
1 14
3 91
3 24
9 68
7 47
5 84
1 94
4 65
3 42
1 26
9 45
9 25
2 7
4 74
2 46
4 11
7 32
3 31
1 71
2 59
9 15
3 29
6 57
2 4
8 10
9 84
5 81
9 93
5 17
1 74
1 21
3 58
6 34
8 25
6 49
7 64
6 43
3 92
5 99
8 21
3 2
3 11
5 61
6 48
3 80
10 97
3 81
9 24
7 20
7 17
1 91
6 47
1 78
7 14
6 68
5 65
4 6
7 19
5 58
2 41
2 17
8 14
4 22
10 26
4 42
2 62
9 76
6 44
7 15
4 95
6 78
8 1
9 48
2 90
3 7
7 25
10 76
5 11
8 39
4 10
2 85
1 27
9 44
3 93
4 64
9 11
8 0
8 67
2 28
5 78
6 98
5 37
7 80
7 10
3 51
7 20
6 43
5 86
8 76
9 8
3 54
9 53
10 19
10 18
8 75
8 5
8 49
5 14
2 13
2 6
10 8
7 36
8 26
2 8
5 17
2 88
4 23
9 79
4 15
5 6
6 65
9 62
4 48
3 31
9 29
10 48
6 59
4 36
10 89
6 16
1 74
10 58
9 63
8 4
6 86
10 25
8 56
2 66
1 95
8 66
6 63
10 25
10 31
5 88
10 83
10 51
7 69
8 53
2 16
8 54
4 28
10 98
7 30
5 57
3 63
8 76
1 6
9 15
7 91
6 29
5 37
7 75
6 7
10 90
10 7
4 72
2 50
3 32
10 3
9 20
3 52
7 96
3 29
4 12
3 42
9 99
6 12
5 13
2 25
7 14
6 72
9 20
1 11
9 55
9 54
6 41
4 93
8 18
6 65
4 89
3 91
10 82
2 15
5 72
2 71
6 66
4 100
10 44
7 21
4 26
2 11
7 100
3 65
7 16
1 37
4 23
4 24
5 40
4 72
4 26
5 27
4 67
7 16
4 20
7 12
5 45
1 15
10 47
10 23
5 1
10 25
6 84
4 85
7 66
2 64
2 14
5 15
2 45
8 42
6 70
6 34
3 89
8 66
3 12
9 38
6 63
7 40
5 78
5 33
10 78
9 57
4 76
7 26
4 16
7 65
3 100
5 14
8 23
5 2
7 21
4 10
1 50
7 32
7 85
2 35
3 32
2 52
3 31
7 100
10 21
8 26
7 52
7 50
8 65
4 80
5 65
9 93
6 84
9 37
5 5
2 94
4 49
6 20
9 11
2 27
8 58
5 11
1 98
1 77
6 100
5 19
2 43
2 12
10 54
9 19
3 14
10 58
5 6
10 46
5 13
9 12
1 96
8 50
9 51
2 72
7 5
5 81
9 13
1 15
6 38
8 90
6 70
6 86
1 51
3 19
7 50
2 5
1 88
8 19
9 61
3 33
3 11
3 63
6 88
2 27
5 58
10 74
4 82
6 22
7 56
8 5
8 54
3 33
2 16
9 62
1 4
3 45
1 4
9 52
5 27
10 96
2 6
5 97
10 13
4 85
2 5
6 25
2 41
3 76
3 49
8 25
1 58
9 20
5 52
7 5
4 78
3 9
6 54
3 84
2 12
4 49
10 25
3 95
5 18
2 87
9 12
9 65
9 21
1 9
4 69
6 4
10 39
10 90
2 69
8 65
1 55
1 76
3 44
10 21
8 44
10 56
1 95
5 88
10 63
10 0
1 3
1 35
7 4
2 1
5 9
4 54
7 15
2 79
1 1
8 78
9 23
5 66
5 74
10 69
6 93
3 96
5 94
2 87
6 53
6 80
6 18
1 63
8 97
5 25
1 73
8 42
10 83
1 84
8 87
3 23
5 93
5 25
6 49
1 45
10 1
4 53
4 10
8 63
10 3
4 0
7 22
5 17
5 75
8 31
1 95
2 88
9 8
9 71
7 89
1 25
1 56
8 55
6 41
1 61
3 37
5 5
6 86
8 41
3 96
8 66
4 39
10 35
9 92
7 21
6 30
5 13
10 32
10 58
7 88
2 48
2 45
6 64
4 79
1 36
6 30
4 28
10 96
6 97
1 26
9 28
4 16
5 45
1 12
2 99
3 62
5 39
2 50
1 70
10 99
3 1
9 91
4 52
7 56
5 69
1 94
5 92
6 89
9 98
6 26
10 33
4 33
3 87
9 69
4 24
1 31
5 91
3 11
4 94
7 64
9 64
3 73
5 66
6 51
10 85
4 18
9 94
2 95
2 15
5 42
2 30
7 53
1 31
3 34
8 56
6 20
3 80
1 51
3 37
2 61
8 68
6 100
2 20
1 21
8 34
6 88
6 71
7 33
4 3
9 21
6 98
3 44
1 17
7 22
2 80
2 21
5 30
1 46
4 76
7 9
4 32
10 38
5 32
9 65
2 65
1 54
4 71
7 77
3 82
7 11
2 61
4 11
3 22
7 44
3 75
5 65
3 86
7 10
3 66
9 76
2 19
10 67
2 90
9 28
4 9
1 16
8 22
4 88
2 40
4 99
1 100
2 17
10 6
8 76
3 5
5 5
10 30
5 4
7 41
3 57
9 73
7 28
4 47
7 65
4 50
3 16
4 32
4 82
2 27
6 36
9 21
8 80
8 87
8 74
10 34
7 36
2 38
7 73
6 0
9 95
8 25
7 66
9 8
3 1
8 57
5 94
9 92
10 76
1 32
6 91
8 87
9 85
1 59
3 81
5 89
2 17
8 15
10 40
3 31
6 97
6 68
7 76
1 90
7 28
5 16
4 100
9 2
5 51
7 71
4 89
6 98
9 25
8 98
3 29
5 59
2 82
4 71
8 29
5 71
8 30
2 91
3 56
8 15
1 86
4 15
6 88
6 14
4 87
10 51
4 88
7 2
2 1
2 9
4 6
10 20
1 98
5 90
8 100
10 82
1 46
4 7
1 33
9 80
6 99
4 21
7 81
4 8
1 39
1 8
4 32
1 86
10 84
4 83
8 30
4 85
3 87
9 32
9 78
9 2
10 93
5 22
2 90
6 74
4 30
4 94
1 63
7 76
10 30
6 91
7 49
9 100
3 66
1 92
6 77
8 95
6 76
10 14
9 65
4 34
10 20
8 22
10 13
9 13
7 30
3 82
7 83
3 44
7 65
2 14
2 2
7 89
2 51
10 44
10 90
8 93
7 17
7 0
2 86
6 29
1 72
4 62
3 17
3 81
7 57
3 28
2 8
5 58
4 25
2 90
5 21
5 31
2 89
2 74
8 75
7 15
3 98
6 65
5 22
2 11
10 42
6 34
9 29
3 100
5 71
9 84
6 74
1 41
4 38
7 44
9 77
8 11
5 96
3 14
7 46
10 100
10 65
1 95
3 15
8 0
9 13
1 75
3 87
5 38
6 13
10 28
9 48
5 16
10 74
4 83
8 28
1 46
5 32
8 17
2 68
10 86
8 45
8 18
6 86
7 78
6 74
4 58
1 9
8 88
4 19
2 29
7 90
9 99
4 38
8 85
1 10
3 66
7 60
3 11
8 60
1 59
2 13
7 59
1 3
8 29
10 0
5 87
6 16
4 4
5 33
9 28
2 71
6 82
7 1
4 76
2 11
5 94
3 20
5 91
3 62
3 47
1 30
5 39
8 54
6 22
4 12
3 33
10 66
3 43
6 99
3 61
1 91
1 98
9 98
4 7
9 53
8 28
4 96
2 91
6 98
4 24
9 77
2 95
2 88
5 10
10 69
9 60
8 11
2 6
10 69
3 63
6 22
10 42
10 23
4 88
5 100
5 11
6 93
2 63
6 6
6 49
4 2
6 90
5 79
1 34
1 30
1 46
10 33
5 64
4 81
8 54
5 12
4 6
10 61
3 87
9 41
4 82
1 24
9 15
2 45
1 92
8 72
10 1
5 62
2 72
9 48
10 75
3 47
1 92
9 9
8 68
10 57
9 88
8 5
9 78
6 41
1 9
3 8
5 64
7 49
9 13
1 71
6 16
9 6
2 63
3 86
4 75
3 96
10 88
2 28
8 76
10 16
4 51
3 70
3 17
2 53
7 94
3 3
6 2
2 65
9 51
5 22
4 79
3 38
5 91
7 52
2 45
7 63
3 14
1 16
6 89
1 100
3 21
8 53
5 63
7 19
9 65
3 35
1 51
10 47
7 28
8 11
5 17
4 87
4 43
6 29
8 21
3 31
4 50
5 87
8 65
4 15
10 14
4 55
8 60
9 66
3 1
4 17
9 50
3 87
4 12
10 79
4 16
7 71
10 57
6 27
1 19
9 25
5 11
7 66
10 76
9 11
3 4
3 52
6 74
10 60
7 14
2 47
2 57
3 74
9 56
3 95
3 36
2 32
10 9
7 75
1 53
10 54
2 39
6 65
9 36
6 54
1 26
3 58
7 16
6 19
3 1
4 51
9 95
8 77
5 43
6 88
2 20
4 82
9 20
6 89
7 57
2 21
7 18
4 83
8 51
7 3
1 2
2 42
4 99
8 5
10 97
6 17
7 99
4 65
5 19
5 71
1 26
2 19
3 73
2 53
7 40
6 72
9 82
10 49
2 35
5 30
4 7
3 22
5 49
1 56
10 55
9 12
5 95
9 9
9 87
1 41
3 51
4 22
2 85
4 17
4 100
5 68
4 11
2 5
8 13
8 100
8 8
3 55
9 91
7 75
9 59
5 70
3 20
4 34
10 59
5 20
6 15
2 21
6 79
9 93
9 62
9 30
7 55
8 17
4 32
4 9
8 36
1 84
10 91
2 41
5 69
2 35
9 74
7 75
7 76
3 7
8 56
1 65
9 39
3 95
6 44
2 16
3 58
5 12
9 11
4 82
2 91
3 85
6 43
3 100
6 13
3 98
10 52
5 97
1 14
4 86
5 63
6 8
3 20
9 50
8 50
10 1
4 19
6 33
5 83
1 45
10 57
3 38
2 64
4 83
10 64
4 33
5 75
6 79
8 6
10 10
4 4
2 89
8 96
6 45
6 23
9 49
2 81
1 67
9 37
5 7
5 46
8 24
1 21
1 61
5 80
1 57
3 76
7 44
10 38
7 23
10 55
7 6
5 33
3 78
10 49
6 89
4 85
6 25
2 32
10 29
2 5
3 16
3 57
7 8
1 75
2 5
7 82
4 4
5 82
7 94
4 82
2 74
4 54
9 68
3 3
2 50
10 25
3 30
7 49
7 54
10 11
4 84
10 35
6 87
4 9
1 65
8 83
4 80
3 9
6 19
5 50
3 32
6 46
3 100
2 30
6 17
9 70
2 32
7 47
4 12
7 58
8 59
10 67
6 11
2 29
2 56
2 32
6 51
3 20
4 5
7 65
8 16
6 87
4 76
7 47
3 38
6 59
10 6
5 40
5 78
5 90
2 89
9 31
10 52
6 52
5 39
10 32
7 53
4 66
6 30
5 7
8 56
8 85
2 23
2 86
1 90
3 82
3 86
7 31
5 98
8 14
4 27
4 39
7 88
3 35
8 37
6 82
9 30
3 14
5 80
3 87
3 23
7 18
1 2
1 3
8 71
10 18
6 69
2 29
3 36
4 30
7 80
10 60
3 98
8 82
1 40
9 79
9 19
9 99
7 98
1 0
10 20
10 8
2 46
9 40
3 4
9 16
9 80
2 66
5 58
8 97
8 60
9 31
7 58
3 72
9 68
10 0
10 61
4 93
6 3
3 24
7 94
6 3
10 94
10 6
4 77
10 13
8 22
1 86
5 27
4 11
10 75
4 32
4 48
4 16
8 88
8 34
9 58
7 65
7 49
9 76
2 32
3 32
8 13
4 50
9 3
9 8
6 5
6 50
2 25
10 3
10 51
7 79
7 46
4 47
10 25
2 64
4 3
1 87
5 65
6 84
9 58
5 54
4 97
10 40
8 53
1 14
7 75
7 9
8 8
5 35
9 31
5 93
6 78
3 47
5 53
4 2
10 15
2 99
2 75
1 41
3 78
9 46
7 31
9 2
1 45
8 56
2 65
10 47
9 73
6 85
6 63
10 95
10 81
10 90
3 95
1 29
9 43
7 56
4 48
3 76
9 72
8 2
9 4
1 28
9 7
4 67
6 50
6 94
3 48
9 37
6 64
8 27
8 27
7 25
10 92
3 10
4 100
5 73
5 85
9 5
5 71
9 27
4 83
6 41
5 28
10 36
10 14
10 53
3 97
10 66
1 64
2 44
10 42
6 53
1 42
1 78
9 17
4 55
8 89
4 86
4 62
5 85
10 67
8 48
8 78
10 64
2 59
4 49
2 34
4 37
8 78
1 20
1 2
10 65
7 24
10 14
4 19
10 12
8 17
6 0
6 93
4 83
5 85
8 27
6 20
6 48
3 63
8 73
6 34
1 16
3 22
8 69
1 48
2 40
6 61
7 32
1 41
8 48
1 1
5 1
7 93
8 35
9 19
3 50
5 6
10 66
8 81
2 16
8 84
1 16
8 81
8 32
4 79
2 57
9 17
2 65
9 44
7 62
7 93
10 38
7 7
1 73
9 91
7 9
7 82
8 55
3 95
6 6
1 95
1 4
1 25
8 53
6 25
5 29
6 93
3 87
9 1
1 82
6 93
10 88
4 28
3 49
5 23
5 14
1 45
3 57
8 9
8 91
3 4
8 84
7 32
5 91
6 47
9 80
9 27
2 41
4 19
1 45
5 84
5 20
6 32
8 61
5 23
7 1
2 98
8 99
9 20
4 55
10 8
6 75
10 74
8 31
2 20
8 9
10 12
7 32
2 19
8 67
7 19
6 96
3 29
1 23
8 68
10 23
2 67
9 68
10 76
5 60
2 7
9 21
5 54
4 52
2 24
8 91
6 56
5 78
4 30
1 69
7 2
1 8
10 44
1 40
6 15
2 12
2 28
3 0
5 15
1 95
9 64
10 9
9 36
3 98
10 46
5 88
1 16
7 11
5 61
5 83
5 36
5 11
10 94
10 65
3 24
6 10
8 73
8 43
6 7
4 30
6 86
3 52
2 87
10 88
6 41
2 16
3 20
3 78
1 40
9 68
9 92
4 94
4 67
1 14
6 19
3 30
8 47
9 62
2 6
9 79
7 66
5 41
3 12
10 95
3 97
4 16
2 2
2 13
5 93
10 26
10 95
3 77
8 13
4 65
6 45
2 27
2 73
5 52
4 15
6 74
5 42
6 60
1 21
5 39
9 25
6 32
10 3
9 7
4 88
5 91
5 71
9 86
6 95
9 33
9 65
4 32
4 80
7 65
5 73
2 64
10 85
9 42
2 11
8 67
3 36
2 34
5 65
5 50
5 69
6 48
7 99
4 77
5 78
2 53
7 32
2 79
4 5
2 20
6 90
2 65
10 92
3 61
5 18
4 6
1 52
4 34
6 21
8 54
6 100
4 26
2 24
2 9
9 58
6 79
10 66
9 9
3 53
10 51
10 91
5 48
3 49
4 2
8 44
10 44
8 33
5 7
3 74
5 72
8 14
2 59
9 28
10 6
7 28
7 22
1 49
2 78
8 56
5 41
1 22
6 32
3 64
10 67
10 86
2 91
9 99
6 100
1 66
3 26
9 32
5 51
7 7
5 55
1 29
9 77
4 14
10 4
3 65
4 76
3 83
5 80
9 41
7 74
6 70
5 27
3 10
2 99
8 45
6 56
10 22
4 61
7 5
2 37
2 92
1 91
8 1
9 23
3 53
1 20
1 48
4 13
8 81
9 27
2 64
5 52
1 19
4 12
5 60
2 79
4 16
10 35
6 77
3 27
10 94
2 76
7 35
2 49
6 18
2 42
2 71
1 53
8 11
5 5
10 67
2 6
3 72
1 78
4 63
5 59
3 65
6 91
3 83
9 42
6 7
4 25
1 51
10 15
2 13
8 66
3 1
9 59
7 45
3 22
10 27
6 23
10 18
3 34
3 86
4 70
2 98
9 54
5 47
9 86
1 52
2 36
10 4
2 24
2 47
3 39
2 30
4 54
6 43
7 52
2 38
1 100
1 91
9 89
5 85
1 23
1 33
2 25
2 83
8 2
8 100
7 87
4 2
6 68
10 56
2 38
7 43
1 61
10 28
9 81
7 57
7 43
5 49
2 98
5 70
8 70
6 60
7 20
10 55
3 68
4 53
2 91
1 16
8 1
6 4
6 2
9 24
3 3
7 57
6 27
8 62
4 34
7 26
8 4
3 24
7 98
6 31
9 3
2 9
9 72
9 26
4 23
4 47
9 58
3 51
4 91
10 6
6 1
2 23
10 2
9 85
9 46
1 34
10 0
9 48
10 38
6 76
5 33
4 68
7 79
4 34
5 46
9 16
1 98
3 54
7 76
2 0
2 19
10 1
1 4
10 57
7 91
7 73
2 76
6 46
5 66
2 9
8 69
3 59
5 33
3 46
4 72
3 70
7 84
8 61
6 82
3 96
2 53
8 11
6 17
4 32
9 30
8 50
8 12
1 30
6 97
3 28
6 5
8 32
5 60
3 11
2 89
2 3
8 2
6 21
1 67
7 1
4 48
5 39
1 85
6 76
1 99
3 69
8 4
7 38
9 90
2 65
3 61
9 90
5 52
2 68
2 49
6 50
5 28
6 91
3 33
7 70
5 74
2 41
3 41
4 8
6 52
8 4
9 61
3 67
6 77
10 83
1 54
2 93
6 39
8 48
1 4
6 92
3 46
6 84
2 10
1 7
4 3
3 3
6 94
9 34
10 89
5 81
8 94
4 34
3 1
10 33
6 65
1 90
7 68
5 42
1 75
4 68
6 24
4 77
2 88
9 77
9 95
2 89
8 31
10 11
8 72
7 4
9 39
9 74
4 36
7 30
1 75
10 79
7 32
2 48
5 68
9 95
10 14
5 41
10 27
9 62
8 36
9 41
1 32
8 69
7 7
6 92
1 67
3 30
5 17
5 2
1 79
9 91
5 17
8 64
2 35
5 99
3 65
9 43
7 34
3 34
8 40
4 19
9 76
5 61
5 85
9 53
1 67
10 80
6 92
4 82
1 100
3 96
3 68
5 31
6 76
7 6
10 9
1 45
8 22
4 17
1 61
5 38
5 43
4 13
3 56
9 62
5 85
8 22
5 83
6 27
8 55
5 72
9 89
3 98
3 25
3 66
3 37
1 0
8 9
10 8
8 15
6 0
1 14
1 77
9 10
1 6
2 65
7 8
9 39
5 90
10 74
2 27
3 23
3 21
10 87
8 26
4 18
6 95
1 69
7 41
4 89
1 25
9 74
8 0
6 27
3 27
5 40
4 69
6 82
9 46
9 73
8 41
7 52
8 43
3 68
2 44
5 35
3 95
8 100
4 71
9 60
7 48
4 22
6 64
2 16
1 57
9 91
8 17
7 16
8 4
6 56
3 18
4 57
2 20
2 28
1 76
1 32
3 34
9 78
9 8
4 49
10 27
4 82
8 9
9 74
6 63
3 88
7 37
10 90
10 59
9 39
5 87
9 100
1 96
1 88
6 40
9 10
9 84
2 61
6 77
4 41
5 32
7 70
3 89
7 14
8 79
4 69
9 21
1 12
3 1
1 56
1 1
10 92
1 81
9 98
8 25
10 43
6 2
3 16
7 1
9 89
10 1
4 67
5 20
6 85
9 16
3 9
9 92
2 17
4 34
8 38
3 49
4 3
4 44
4 84
9 25
2 62
10 48
3 87
7 59
1 85
6 6
1 99
2 88
8 67
10 59
1 46
10 97
3 89
8 38
2 82
2 51
1 60
4 91
1 66
1 93
9 45
10 86
4 31
8 69
2 53
1 5
1 1
6 61
9 75
7 60
4 66
9 74
8 19
4 30
5 52
8 26
4 66
1 48
5 43
2 62
6 45
7 91
9 96
1 34
4 52
6 2
10 93
6 97
5 15
2 12
5 56
6 94
7 79
10 45
2 73
5 99
7 19
8 4
10 74
7 63
5 62
8 44
10 88
6 100
2 1
8 7
5 37
7 15
2 19
8 57
10 36
9 15
4 56
6 45
5 25
3 29
10 30
7 65
6 71
4 2
1 3
6 64
6 87
8 47
1 87
2 91
4 53
4 66
5 85
2 29
4 40
7 74
4 36
7 22
4 45
6 90
6 39
6 47
9 48
10 97
1 93
3 14
7 59
9 84
8 24
6 75
4 46
2 20
8 72
8 4
9 90
8 2
2 76
1 36
2 45
4 78
5 6
3 14
8 84
8 21
8 24
7 30
5 93
8 14
3 22
1 97
9 45
8 14
5 21
10 49
8 7
3 28
6 100
5 16
7 69
6 91
10 83
1 30
8 75
5 50
2 21
7 84
1 97
3 84
6 8
4 67
5 77
5 78
3 13
8 41
8 41
10 78
5 87
2 41
9 50
10 8
10 80
8 68
7 61
2 52
7 56
7 80
6 33
9 22
10 29
10 100
2 64
6 38
3 30
9 13
4 42
6 47
9 34
5 73
3 30
10 74
8 37
2 46
2 76
6 85
7 64
8 83
10 31
4 43
4 22
10 90
2 18
6 31
1 59
2 60
2 14
6 48
4 64
7 87
10 32
7 19
6 15
6 65
7 46
2 44
2 12
2 3
8 47
7 66
2 52
4 80
8 91
4 69
6 16
6 46
1 3
2 6
6 43
3 31
7 59
8 27
3 49
10 60
5 37
5 70
5 52
8 48
2 2
2 48
2 31
5 89
8 37
7 70
6 78
7 92
2 98
9 12
7 96
8 58
3 22
1 76
4 57
2 78
8 53
1 80
3 70
5 46
5 58
1 47
10 44
6 72
4 50
8 69
2 82
8 97
5 39
8 33
5 26
2 14
9 91
5 7
8 40
9 86
4 16
7 95
9 83
7 31
2 28
7 46
4 62
4 5
4 98
6 42
1 24
2 37
6 49
8 81
4 97
9 100
10 44
1 54
3 71
3 37
8 52
4 10
9 53
1 40
1 78
4 62
2 57
4 53
2 44
7 2
4 2
8 96
4 32
8 19
4 29
4 95
6 88
8 1
5 77
8 74
8 20
6 40
10 49
3 87
10 14
2 19
6 43
2 89
6 11
1 9
3 1
2 71
6 20
4 6
5 98
2 5
10 82
1 67
1 41
7 26
3 92
5 92
7 39
6 8
8 83
5 60
6 90
8 45
6 5
3 2
5 6
4 29
8 88
3 39
7 66
3 92
4 96
1 99
5 21
7 49
3 65
1 48
7 78
2 10
10 2
3 99
8 21
4 17
4 15
10 46
8 45
9 80
6 74
5 80
10 82
4 96
7 50
8 76
3 40
2 14
6 57
7 22
4 78
6 19
8 13
9 99
5 51
3 0
2 54
10 93
4 33
8 69
2 48
9 78
1 2
5 60
6 91
7 27
2 85
7 2
7 55
1 95
4 79
4 18
1 36
1 100
7 33
7 55
9 51
8 51
2 92
6 27
6 26
8 92
5 4
2 9
5 37
9 12
3 83
7 77
4 5
10 100
7 73
2 1
8 74
4 73
8 34
1 11
7 3
6 13
6 54
4 57
4 95
1 100
6 65
7 3
3 86
9 60
8 22
9 13
4 11
5 60
3 21
2 91
8 25
6 58
7 81
10 27
1 40
3 95
7 1
1 36
9 11
8 6
1 17
7 36
1 83
6 54
5 14
2 36
5 16
9 34
7 32
8 59
9 34
2 46
3 19
4 82
1 35
9 20
6 24
1 13
4 53
7 96
5 68
4 55
4 5
9 14
2 2
7 26
8 91
5 72
1 55
3 47
7 48
3 49
9 84
8 38
2 78
4 5
8 30
7 23
7 59
2 91
4 79
7 43
8 11
3 31
6 74
2 90
9 54
4 63
1 85
10 84
9 35
1 81
6 26
9 97
3 56
1 78
2 48
4 24
3 49
3 15
2 95
5 99
10 52
10 21
3 52
6 34
4 40
7 87
1 92
1 12
5 7
10 86
9 33
7 94
7 39
2 11
4 66
10 28
9 18
5 83
6 76
8 44
10 17
3 74
1 100
1 1
10 89
10 10
9 12
8 42
4 40
9 84
6 60
8 100
8 19
3 70
2 60
3 25
3 71
3 70
4 0
2 21
4 5
3 17
10 39
7 91
4 46
6 66
5 97
8 98
6 4
8 73
6 99
5 18
1 19
5 69
4 53
5 57
4 47
7 20
6 21
8 13
8 51
2 59
1 31
2 48
10 27
8 88
8 96
2 28
9 24
2 32
6 30
5 57
1 59
4 98
2 72
2 40
7 42
9 4
7 45
5 47
8 94
2 18
7 74
3 73
7 9
2 11
7 79
7 67
4 10
6 37
4 35
7 5
1 100
8 94
1 20
2 0
2 70
2 64
4 80
4 52
5 38
7 20
9 69
8 28
10 9
2 69
5 42
5 18
2 43
10 62
1 70
5 45
2 67
6 8
10 63
9 24
10 15
4 78
4 90
10 52
4 93
4 78
1 90
4 94
5 92
8 30
3 42
9 0
3 48
5 76
5 21
1 70
1 80
3 27
1 64
2 82
6 95
2 18
3 41
2 79
10 17
3 8
8 54
1 62
2 100
4 16
9 56
10 51
2 46
10 18
8 49
2 45
6 91
6 59
1 39
9 64
3 23
6 0
6 87
9 84
10 59
4 73
1 89
5 97
5 89
10 47
8 26
3 97
1 83
1 68
6 81
6 17
9 35
4 47
6 40
4 13
10 84
3 17
1 58
5 92
6 24
4 75
3 93
2 84
10 35
4 56
6 86
8 27
3 9
9 29
4 46
6 93
3 3
3 26
2 24
3 53
6 92
3 86
8 80
5 39
10 26
10 63
1 17
9 54
4 87
8 78
9 50
3 5
9 67
4 84
6 7
3 2
6 50
8 46
1 25
8 16
1 73
3 91
4 97
5 27
1 56
3 74
9 52
2 11
3 85
8 92
10 82
2 20
1 74
9 50
9 87
7 98
10 65
1 0
6 43
3 78
10 11
2 14
10 31
3 88
1 43
4 71
6 65
6 48
9 6
2 99
7 69
1 67
6 8
4 8
5 93
5 1
8 46
7 74
5 4
7 21
5 88
10 64
10 22
2 100
2 55
3 89
7 47
10 19
5 17
5 24
5 31
6 84
6 92
7 77
2 74
4 59
5 27
4 88
9 3
10 50
2 44
4 36
1 57
10 45
5 1
9 22
4 52
5 88
3 25
10 10
6 43
2 18
1 90
1 43
6 79
7 6
2 3
10 81
1 89
7 82
9 50
3 52
9 49
10 70
3 13
9 71
6 92
1 38
7 31
2 5
2 29
7 42
9 70
7 80
3 11
2 100
2 12
6 72
5 54
8 97
10 74
10 97
4 61
5 29
3 63
10 15
4 52
1 8
3 100
7 73
6 93
4 1
3 97
6 9
10 23
6 35
8 13
8 28
6 86
7 35
4 56
5 36
7 1
4 83
4 35
1 70
2 11
1 83
10 62
7 55
1 76
2 15
9 91
7 49
6 37
2 36
2 43
9 63
7 83
7 91
1 9
4 61
8 43
6 4
6 63
2 63
6 83
6 14
1 12
4 79
8 55
8 13
1 51
1 37
2 79
6 70
2 92
4 37
3 2
2 83
10 44
9 61
5 58
8 21
5 23
8 1
2 8
1 88
1 36
4 3
1 15
10 48
4 30
3 81
9 61
7 96
4 34
3 94
7 24
3 20
5 85
3 94
9 63
1 54
10 6
1 32
7 40
5 14
3 9
1 7
8 3
9 63
3 31
2 49
4 98
1 93
7 31
2 35
3 7
3 78
9 16
2 54
1 56
10 76
4 85
5 23
4 65
5 67
7 28
9 61
1 38
4 27
5 28
8 11
4 28
7 74
3 74
3 13
10 32
4 7
4 91
7 95
4 31
3 58
4 95
10 58
5 46
6 64
1 95
2 87
1 96
5 98
10 18
4 35
10 90
7 54
4 84
8 39
5 82
9 12
5 92
9 75
4 94
7 81
10 8
9 90
7 0
4 7
1 4
3 29
3 41
8 33
5 81
1 37
5 30
2 82
6 38
3 65
5 61
2 88
9 95
7 97
1 96
8 97
4 16
7 76
5 1
10 66
7 69
10 92
9 51
10 99
7 60
10 44
6 78
9 30
6 83
6 7
3 24
7 52
9 22
6 87
6 69
6 99
10 93
1 76
2 81
1 37
4 79
9 48
8 97
5 91
10 65
10 13
9 43
8 58
8 70
4 36
2 80
10 11
8 21
7 52
1 57
3 84
1 61
5 69
2 41
7 80
10 32
8 80
1 39
4 16
1 49
6 20
7 11
6 49
7 61
4 34
4 100
7 14
7 89
2 77
4 82
2 89
10 82
1 85
3 72
2 36
8 33
5 88
4 36
9 11
9 41
3 43
2 35
8 60
10 10
4 0
5 73
10 63
4 40
2 3
9 84
4 65
7 31
10 56
2 79
3 2
10 39
1 77
3 78
9 59
3 39
8 64
8 93
3 17
3 44
9 76
5 46
7 4
8 31
7 63
1 60
10 79
2 91
9 59
3 67
2 98
7 44
1 80
7 82
10 25
7 100
8 29
6 45
5 47
9 7
2 59
9 78
4 27
6 18
1 15
7 48
9 78
8 75
8 71
4 29
2 4
2 32
5 74
5 63
4 58
4 61
2 39
3 24
4 87
4 56
1 29
2 32
8 85
2 43
5 44
8 63
6 83
3 10
1 92
5 69
10 83
8 12
10 20
1 18
9 18
5 10
4 53
2 28
1 7
1 60
7 51
4 46
3 74
10 32
8 14
6 53
5 3
6 37
8 47
4 67
2 69
8 47
7 21
1 57
8 53
4 24
8 53
8 77
2 81
6 82
6 89
8 73
3 23
3 29
6 45
5 0
5 95
7 4
10 76
1 87
10 33
9 79
7 90
6 22
3 17
9 92
8 29
6 67
2 94
3 80
5 95
8 31
2 97
3 22
10 87
9 1
2 16
3 93
6 42
5 17
9 9
2 57
7 32
6 90
10 80
9 94
10 39
5 8
8 18
6 29
5 92
4 20
7 44
3 2
1 47
1 76
8 64
10 55
8 24
9 75
5 32
8 67
6 39
4 67
8 58
10 86
1 87
4 41
10 60
7 51
7 53
5 22
10 52
7 88
7 66
9 26
4 0
9 88
6 58
9 88
6 52
3 36
7 3
7 81
4 76
3 7
6 55
10 53
8 45
2 86
4 59
9 40
5 37
4 41
4 34
8 88
7 50
5 45
1 64
4 28
10 28
4 45
4 22
10 7
5 79
1 51
2 67
4 71
2 25
6 61
8 15
7 38
10 43
2 18
10 11
6 68
9 30
5 15
7 4
10 75
7 51
8 89
10 84
3 23
4 14
5 28
1 0
7 52
8 42
1 89
10 17
5 16
4 98
10 30
8 7
1 40
9 99
1 54
8 36
6 58
1 34
3 37
1 30
3 14
9 89
1 5
9 33
8 37
9 65
2 43
5 100
1 55
4 57
4 43
8 89
2 97
2 33
6 45
5 49
2 80
1 75
8 72
5 6
4 2
9 74
9 30
7 20
7 5
3 55
3 91
1 63
4 48
9 39
3 82
5 24
4 100
3 3
4 97
5 35
7 37
9 42
7 78
7 5
7 63
10 60
1 80
8 75
2 22
9 14
10 99
10 68
5 80
1 8
3 94
2 98
6 61
4 71
5 51
2 14
4 67
3 50
9 1
5 72
4 80
7 3
2 55
10 74
1 72
4 19
7 97
4 66
2 41
10 76
4 26
10 89
10 79
5 46
8 23
2 83
5 9
5 96
5 39
5 18
5 78
2 63
5 69
2 5
3 97
2 63
3 85
7 39
1 98
10 86
3 71
9 1
5 51
5 75
7 67
9 0
3 67
6 96
7 50
7 51
4 44
2 96
7 3
1 63
6 88
8 97
1 17
5 56
9 34
5 53
7 61
6 85
2 70
5 40
7 99
10 38
2 48
8 56
3 7
8 83
3 91
10 34
8 67
6 63
4 64
10 86
1 36
9 78
3 33
2 99
1 7
2 8
4 88
4 64
8 16
6 39
8 85
9 84
1 24
4 26
6 78
10 3
9 86
4 60
3 33
4 29
4 34
4 21
4 88
2 50
4 25
10 58
4 55
2 75
4 93
1 42
3 90
3 23
5 34
8 95
4 52
8 3
2 93
4 84
5 24
5 3
4 46
3 71
3 6
5 32
6 22
5 96
3 83
2 99
2 88
4 70
6 29
7 31
6 55
10 48
10 21
8 85
10 24
9 26
6 58
6 99
9 68
2 2
5 76
2 29
4 11
3 56
2 66
8 40
9 10
5 55
4 17
1 39
4 4
9 5
8 21
9 5
10 100
4 95
10 55
1 65
3 14
10 10
4 38
5 44
8 61
1 22
3 7
4 3
6 84
8 2
8 30
1 81
5 64
4 46
2 18
7 7
4 33
7 45
8 41
1 82
10 43
6 5
6 20
9 36
2 52
6 80
6 87
8 62
10 24
2 26
2 96
1 76
10 69
2 1
6 63
2 48
2 15
9 15
8 15
8 2
10 95
9 67
9 6
1 97
