20
2 5
0.600000 0.600000
1 20
1.000000
3 4
1.000000 0.900000 0.100000
3 100
0.072829 0.153057 0.238226
1 3
0.000005
2 3
0.999999 0.999999
2 7
0.934128 0.112501
3 42
0.999999 0.999998 1.000000
3 10
0.804577 0.066848 0.899375
2 60
0.303543 0.328010
2 4
0.000005 0.000008
3 17
0.277832 0.718835 0.619850
2 7
0.178289 0.975206
3 4
0.999999 0.999999 0.404520
3 42
0.000006 0.000007 0.000008
3 10
0.180197 0.832242 0.021393
3 5
0.125343 0.487381 0.553538
2 5
0.031881 0.049872
3 10
0.820616 0.920349 0.180535
1 4
0.999999
