100
2
0 1
0 2
3
2 2
0 0
4 4
1
1 1
5
0 5
0 1
1 1
4 7
5 6
4
4 7
3 6
0 2
1 5
2
0 1
1 3
9
8 12
12 15
12 12
6 8
2 3
4 10
1 7
5 12
0 11
5
404 571
943 1145
850 1615
915 945
260 333
1
1 1
2
0 2
1 3
10
10 13
5 10
5 5
11 17
1 11
9 12
2 2
0 18
2 7
15 19
9
1 3
10 14
0 7
1 11
13 16
2 7
16 16
0 7
1 11
5
0 2
2 5
2 4
5 7
6 8
3
0 4
0 3
2 4
8
10 13
12 16
0 10
4 5
0 0
7 10
4 7
1 6
4
2 4
0 3
1 5
6 7
4
0 2
0 1
0 4
0 7
9
1 2
2 13
13 13
1 6
0 10
6 13
9 13
5 10
6 13
3
0 3
1 3
3 4
8
14 14
8 9
4 9
0 2
9 12
0 2
5 13
6 7
6
3 4
0 8
4 6
0 0
10 10
6 9
5
5 6
0 4
6 7
3 9
0 0
6
6 8
9 9
0 9
2 4
5 7
1 1
5
6 8
0 0
6 8
2 3
3 3
10
1707 1941
1320 1920
154 641
1471 1650
249 1063
372 507
378 410
268 313
505 914
153 955
8
5 6
0 9
14 15
3 9
1 3
1 4
8 9
9 13
10
2001 2001
2001 2001
2001 2001
2001 2001
2001 2001
2001 2001
2001 2001
2001 2001
2001 2001
2001 2001
6
14 1523
234 507
401 1675
196 317
1038 1067
300 519
10
8 11
3 5
5 11
11 12
0 7
10 11
14 15
16 19
0 0
4 7
1
0 0
10
6 7
8 11
1 2
3 5
0 4
10 12
15 19
14 18
16 17
9 13
4
1 2
4 4
4 4
0 2
4
0 7
0 3
0 1
0 3
9
7 8
0 6
11 15
3 9
6 16
1 2
8 10
5 15
4 16
5
5 7
0 1
1 4
0 4
5 8
6
0 4
3 11
1 7
2 6
8 10
5 9
10
6 15
3 9
0 15
17 17
10 15
1 4
9 14
5 10
1 6
6 9
8
4 8
13 14
0 11
2 8
1 2
6 7
1 10
11 14
4
2 4
0 3
4 4
1 6
10
591 603
1386 1514
329 794
878 954
607 1521
629 1328
163 661
227 416
776 1822
126 1068
4
1 3
0 0
0 5
6 7
6
158 722
4 805
1290 1895
81 213
100 111
1150 1986
4
1 1
1 1
0 6
5 6
10
28 407
415 798
448 1644
1651 1656
140 960
1841 1905
184 1842
371 483
497 1900
1042 1950
8
5 7
14 15
1 12
3 6
4 9
10 11
0 8
2 13
7
1 5
6 9
0 2
10 11
12 13
7 8
3 4
4
3 6
0 2
1 3
5 7
7
0 4
0 2
0 7
0 13
0 7
0 6
0 1
7
0 5
0 3
9 9
6 13
2 8
4 8
11 11
7
3 6
10 12
0 1
4 7
5 8
2 9
11 13
6
0 0
0 0
0 0
0 0
0 0
0 0
6
673 1582
10 99
0 4
55 1321
225 345
925 1088
3
590 601
680 1702
124 398
8
0 6
11 14
8 11
9 13
10 11
1 3
3 6
0 5
10
0 10
0 19
0 1
0 7
0 6
0 9
0 3
0 6
0 5
0 10
1
0 0
4
2 7
5 6
0 1
3 4
2
0 0
2 3
3
0 1
2 4
3 3
4
1 2
5 6
0 4
1 5
4
762 1400
1106 1367
1152 1285
807 1237
10
240 1215
657 1330
1681 1876
23 59
21 1121
370 436
156 969
47 85
22 36
2 856
4
0 7
0 2
0 3
0 1
5
0 1
0 3
0 9
0 4
0 5
8
1 1
3 5
5 7
7 9
7 12
1 7
11 11
0 10
1
0 1
4
5 6
0 6
1 4
1 2
1
0 1
2
511 1840
132 494
9
180 267
425 1746
409 1463
735 775
479 599
348 632
3 27
7 346
731 1958
6
0 4
0 11
0 2
0 1
0 3
0 5
10
7 11
15 16
0 19
5 18
9 10
10 14
6 10
1 14
0 1
4 8
9
8 8
12 14
16 17
12 13
3 8
4 11
0 6
5 7
0 0
7
9 9
6 9
0 12
5 8
1 9
0 0
4 6
3
0 2
0 4
3 4
7
0 4
0 3
0 2
0 2
0 13
0 3
0 1
6
0 6
0 10
0 1
7 7
0 3
9 9
6
132 147
138 361
2 33
843 1156
1290 1967
40 220
5
5 6
3 3
5 6
3 5
0 1
6
8 10
5 7
1 9
0 6
3 4
2 11
3
46 721
256 480
492 1050
6
9 10
6 7
0 3
0 5
0 5
7 9
8
4 7
1 13
4 14
10 15
7 12
7 11
1 5
0 2
3
1 4
1 2
0 1
4
0 7
0 4
0 1
0 2
5
0 2
3 6
0 4
6 7
5 9
4
2 3
0 2
4 5
5 7
5
0 1
0 5
0 2
0 9
0 3
5
0 2
2 3
0 8
0 8
0 0
7
17 29
1466 1561
411 884
165 1015
99 148
372 1782
327 1540
10
0 4
0 2
0 10
0 6
0 5
0 9
0 4
0 8
0 19
0 1
2
0 1
2 2
1
824 963
9
7 12
13 15
4 17
8 14
1 5
0 2
6 11
10 16
3 9
6
2 8
2 10
0 5
3 6
5 11
2 9
4
446 1076
437 517
10 1912
820 1011
7
1 5
2 10
3 13
11 12
0 6
4 7
8 9
1
0 1
4
0 3
0 1
0 7
0 2
4
6 6
0 1
3 3
3 4
