1000
181 731
82 866
178 719
12 565
21 197
181 730
156 630
90 555
219 882
178 718
137 275
282 565
35 71
112 225
321 643
1 1000
34 385
34 384
34 386
34 441
28 118
28 117
28 119
28 145
187 375
187 666
37 324
37 323
37 325
37 341
30 693
30 692
30 694
30 742
92 764
92 763
92 765
92 821
116 233
116 383
319 639
319 908
119 239
119 304
72 447
72 446
72 448
72 526
360 721
360 954
234 469
234 802
66 858
66 857
66 859
66 881
273 547
273 694
234 469
234 815
13 175
13 174
13 176
13 193
18 708
18 707
18 709
18 744
142 285
142 568
53 333
53 332
53 334
53 356
132 265
132 455
277 555
277 791
29 497
29 496
29 498
29 505
61 516
61 515
61 517
61 563
99 609
99 608
99 610
99 673
176 353
176 556
330 661
330 750
24 427
24 426
24 428
24 448
226 453
226 886
78 318
78 317
78 319
78 394
301 603
301 800
37 415
37 414
37 416
37 503
170 686
170 685
170 687
170 723
236 950
236 949
236 951
236 974
204 409
204 660
191 383
191 651
469 939
469 942
144 289
144 552
180 361
180 372
326 653
326 660
340 681
340 701
238 477
238 772
442 885
442 971
325 651
325 931
20 306
20 305
20 307
20 313
60 375
60 374
60 376
60 407
17 854
17 853
17 855
17 923
402 805
402 825
129 522
129 521
129 523
129 754
359 719
359 912
50 315
50 314
50 316
50 334
366 733
366 972
246 493
246 937
197 794
197 793
197 795
197 929
147 594
147 593
147 595
147 881
300 601
300 639
23 47
23 49
311 623
311 775
9 705
9 704
9 706
9 735
165 331
165 602
233 467
233 726
169 682
169 681
169 683
169 801
176 710
176 709
176 711
176 948
66 705
66 704
66 706
66 803
51 103
51 160
454 909
454 990
365 731
365 888
394 789
394 831
155 311
155 574
120 486
120 485
120 487
120 700
408 817
408 893
285 571
285 836
229 459
229 645
250 501
250 973
221 443
221 791
325 651
325 672
187 754
187 753
187 755
187 840
191 770
191 769
191 771
191 994
188 377
188 454
130 527
112 687
112 686
112 688
112 755
129 259
129 286
289 579
289 863
124 249
124 258
408 817
408 891
284 569
284 946
316 633
316 962
183 738
183 737
183 739
183 844
82 334
82 333
82 335
82 493
303 607
303 896
220 441
220 457
26 53
26 104
129 522
129 521
129 523
129 696
154 622
154 621
154 623
154 843
59 119
59 163
271 543
271 763
34 765
34 764
34 766
34 841
55 861
55 860
55 862
55 973
190 766
190 765
190 767
190 948
106 651
106 650
106 652
106 859
168 337
168 673
439 879
439 941
164 365
278 926
148 597
148 599
148 809
272 792
131 294
241 540
326 948
52 201
250 874
352 720
391 886
249 994
158 637
158 639
158 681
228 917
228 919
228 966
46 290
46 292
46 385
28 656
28 658
28 675
285 768
6 215
6 217
6 257
53 832
53 834
53 875
33 291
33 293
33 360
76 804
76 806
76 920
433 944
368 930
224 901
224 903
224 933
334 879
311 944
6 480
6 482
6 542
99 819
99 821
99 892
293 833
172 516
233 675
26 535
26 537
26 589
147 370
133 511
310 830
35 394
35 396
35 420
17 269
17 271
17 314
282 981
288 752
60 374
60 376
60 442
81 675
81 677
81 804
81 329
81 331
81 389
294 756
131 353
364 737
121 740
121 742
121 899
229 543
42 569
42 571
42 623
59 233
91 369
91 371
91 554
284 759
162 653
162 655
162 956
14 286
14 288
14 301
240 818
230 498
112 437
195 624
122 304
56 350
56 352
56 413
305 994
230 750
69 428
69 430
69 533
136 549
136 551
136 675
32 631
32 633
32 721
258 986
291 877
466 978
66 857
66 859
66 929
127 776
127 778
127 967
123 497
123 499
123 669
187 394
35 307
35 309
35 366
113 457
113 459
113 607
178 717
178 719
178 878
125 497
30 267
30 269
30 332
290 609
61 249
61 251
61 329
99 608
99 610
99 799
227 752
346 912
263 588
163 631
8 296
8 298
8 339
105 867
105 869
105 881
174 701
174 703
174 855
55 725
55 727
55 830
123 497
123 499
123 524
56 604
56 606
56 701
80 844
80 846
80 893
4 318
4 320
4 362
72 446
72 448
72 573
229 887
47 193
47 195
47 283
274 689
133 537
133 539
133 609
74 619
74 621
74 665
7 384
7 386
7 401
196 789
196 791
196 862
245 986
202 813
202 815
202 845
327 984
237 589
113 419
177 444
356 825
167 463
9 629
9 631
9 696
327 840
98 227
198 659
83 337
83 339
83 373
86 530
86 532
86 575
248 500
251 686
165 533
211 574
241 765
225 532
146 388
301 906
103 408
40 347
40 349
40 397
378 925
290 683
261 589
176 664
132 806
132 808
132 827
218 548
156 950
156 952
156 974
63 674
63 676
63 738
86 530
86 532
86 619
126 360
222 523
38 672
92 738
216 772
223 930
88 792
292 591
98 884
60 884
6 156
110 405
37 251
114 444
222 818
39 576
291 862
117 574
201 444
241 897
27 664
97 996
302 617
61 769
5 247
113 589
115 321
34 478
294 601
86 813
134 939
1 109
36 305
72 287
238 861
249 908
4 22
295 777
70 522
324 894
83 619
226 554
169 779
34 318
46 412
44 608
243 983
2 715
454 983
165 423
169 673
4 607
370 838
162 560
452 980
416 866
296 757
82 850
304 928
34 813
255 972
32 299
53 895
74 386
49 251
369 775
72 988
404 953
210 563
102 302
64 705
65 365
113 309
234 610
454 955
53 198
40 525
8 661
153 975
173 843
137 952
302 924
163 718
47 178
281 610
183 779
58 276
219 483
8 125
19 820
111 737
15 341
277 711
131 483
131 532
226 797
45 333
129 698
379 855
78 940
276 826
341 858
354 966
47 325
375 823
465 998
235 578
25 603
427 967
442 940
4 929
434 969
371 832
51 310
64 832
273 679
372 946
286 764
107 819
461 991
88 410
68 966
151 717
292 614
193 938
50 259
247 524
285 938
190 620
27 739
52 430
68 617
95 478
175 942
61 994
272 653
64 554
75 460
71 927
339 891
172 598
2 599
207 740
79 581
363 909
75 453
129 307
157 749
128 937
152 543
259 620
193 720
65 927
165 848
349 961
56 727
252 690
86 369
239 804
119 416
163 707
217 500
107 873
150 762
137 537
5 516
183 561
283 839
477 968
70 578
382 858
207 419
11 649
301 729
144 739
123 584
3 356
205 889
169 652
102 564
137 548
16 407
127 291
46 607
185 848
332 689
227 731
128 537
246 806
155 365
164 760
174 953
107 250
59 536
238 529
95 969
406 980
72 242
197 487
363 807
194 939
132 496
38 829
295 845
64 832
270 612
385 860
94 688
284 584
53 155
290 613
30 912
116 549
86 484
272 897
265 752
23 986
308 840
426 996
6 996
40 982
45 875
163 559
319 664
189 807
375 891
151 349
235 593
239 490
26 796
330 810
155 969
253 834
53 681
36 310
400 890
150 900
152 861
17 67
147 437
31 787
202 732
289 971
112 901
145 719
346 939
138 482
452 949
19 609
296 940
243 499
137 570
301 752
276 609
47 207
39 581
55 173
37 800
356 849
179 546
84 234
184 573
66 559
221 906
490 990
109 547
107 844
44 322
146 307
371 959
93 735
106 638
259 559
82 505
354 929
241 629
295 735
36 91
108 947
189 924
50 716
106 932
105 255
19 717
174 372
115 950
47 480
102 675
22 368
233 535
151 671
295 956
153 849
352 996
111 280
230 673
210 665
251 542
360 820
27 224
86 284
154 572
146 469
33 633
334 882
397 911
333 909
71 356
166 430
65 889
240 543
189 560
141 803
276 877
162 388
24 723
326 922
120 391
96 544
78 170
114 454
82 337
165 885
105 675
28 166
239 695
176 696
48 412
207 948
62 768
160 620
146 786
9 304
417 898
43 305
278 778
166 468
16 166
41 124
388 949
102 343
27 99
66 327
162 705
153 501
221 846
101 983
237 970
77 499
271 916
229 668
81 983
106 851
70 194
157 928
138 417
153 362
291 668
358 806
278 934
73 676
62 253
182 891
209 570
217 935
234 840
179 669
246 958
39 274
273 967
98 773
245 775
203 746
413 973
129 372
155 688
190 539
111 765
179 810
130 591
174 422
79 310
316 700
21 934
217 872
230 998
162 924
402 845
330 713
398 799
176 499
94 642
206 936
36 585
162 551
239 770
441 923
162 810
435 957
298 773
74 744
15 869
216 435
426 935
33 990
156 911
118 966
173 922
124 764
206 881
76 444
105 464
92 982
321 930
55 953
397 965
441 994
41 339
317 881
222 776
108 427
335 771
113 771
148 537
80 601
253 812
185 977
408 969
355 733
86 467
311 922
220 648
89 875
94 729
112 989
355 856
431 982
92 614
315 802
184 817
262 744
481 998
371 760
195 744
38 363
46 940
101 952
298 601
123 384
25 926
160 462
