100
3 8
5 6 9 4 8 2 1 7
3 1
2
3 100
2 4 8 16 32 64 128 256 512 1024 2048 4096 8192 16384 32768 65536 131072 262144 524288 1000000 1000000 1000000 1000000 1000000 1000000 1000000 1000000 1000000 1000000 1000000 1000000 1000000 1000000 1000000 1000000 1000000 1000000 1000000 1000000 1000000 1000000 1000000 1000000 1000000 1000000 1000000 1000000 1000000 1000000 1000000 1000000 1000000 1000000 1000000 1000000 1000000 1000000 1000000 1000000 1000000 1000000 1000000 1000000 1000000 1000000 1000000 1000000 1000000 1000000 1000000 1000000 1000000 1000000 1000000 1000000 1000000 1000000 1000000 1000000 1000000 1000000 1000000 1000000 1000000 1000000 1000000 1000000 1000000 1000000 1000000 1000000 1000000 1000000 1000000 1000000 1000000 1000000 1000000 1000000 1000000
3 100
1 4 4 4 4 4 4 4 4 4 4 4 4 4 4 4 4 4 4 4 4 4 4 4 4 4 4 4 4 4 4 4 4 4 4 4 4 4 4 4 4 4 4 4 4 4 4 4 4 4 4 4 4 4 4 4 4 4 4 4 4 4 4 4 4 4 4 4 4 4 4 4 4 4 4 4 4 4 4 4 4 4 4 4 4 4 4 4 4 4 4 4 4 4 4 4 4 4 4 4
1000000 1
1000000
2 20
1000000 1000000 1000000 1000000 1000000 1000000 1000000 1000000 1000000 1000000 1000000 1000000 1000000 1000000 1000000 1000000 1000000 1000000 1000000 1000000
3 5
11 20 60 22 100
2 21
1000000 1000000 1000000 1000000 1000000 1000000 1000000 1000000 1000000 1000000 1000000 1000000 1000000 1000000 1000000 1000000 1000000 1000000 1000000 1000000 1000000
2 100
1000000 1000000 1000000 1000000 1000000 1000000 1000000 1000000 1000000 1000000 1000000 1000000 1000000 1000000 1000000 1000000 1000000 1000000 1000000 1000000 1000000 1000000 1000000 1000000 1000000 1000000 1000000 1000000 1000000 1000000 1000000 1000000 1000000 1000000 1000000 1000000 1000000 1000000 1000000 1000000 1000000 1000000 1000000 1000000 1000000 1000000 1000000 1000000 1000000 1000000 1000000 1000000 1000000 1000000 1000000 1000000 1000000 1000000 1000000 1000000 1000000 1000000 1000000 1000000 1000000 1000000 1000000 1000000 1000000 1000000 1000000 1000000 1000000 1000000 1000000 1000000 1000000 1000000 1000000 1000000 1000000 1000000 1000000 1000000 1000000 1000000 1000000 1000000 1000000 1000000 1000000 1000000 1000000 1000000 1000000 1000000 1000000 1000000 1000000 1000000
3 5
27 729 9 243 81
2 19
1000000 1000000 1000000 1000000 1000000 1000000 1000000 1000000 1000000 1000000 1000000 1000000 1000000 1000000 1000000 1000000 1000000 1000000 1000000
1 100
2 2 2 2 2 2 2 2 2 2 2 2 2 2 2 2 2 2 2 2 2 2 2 2 2 2 2 2 2 2 2 2 2 2 2 2 2 2 2 2 2 2 2 2 2 2 2 2 2 2 2 2 2 2 2 2 2 2 2 2 2 2 2 2 2 2 2 2 2 2 2 2 2 2 2 2 2 2 2 2 2 2 2 2 2 2 2 2 2 2 2 2 2 2 2 2 2 2 2 2
1 100
1000000 1000000 1000000 1000000 1000000 1000000 1000000 1000000 1000000 1000000 1000000 1000000 1000000 1000000 1000000 1000000 1000000 1000000 1000000 1000000 1000000 1000000 1000000 1000000 1000000 1000000 1000000 1000000 1000000 1000000 1000000 1000000 1000000 1000000 1000000 1000000 1000000 1000000 1000000 1000000 1000000 1000000 1000000 1000000 1000000 1000000 1000000 1000000 1000000 1000000 1000000 1000000 1000000 1000000 1000000 1000000 1000000 1000000 1000000 1000000 1000000 1000000 1000000 1000000 1000000 1000000 1000000 1000000 1000000 1000000 1000000 1000000 1000000 1000000 1000000 1000000 1000000 1000000 1000000 1000000 1000000 1000000 1000000 1000000 1000000 1000000 1000000 1000000 1000000 1000000 1000000 1000000 1000000 1000000 1000000 1000000 1000000 1000000 1000000 1000000
3 4
1 6 12 49
2 6
9 64 19 16 81 80
33511 35
833056 470272 572626 101957 3206 652186 961803 78412 240222 50338 67702 5812 148555 5882 76966 50827 198277 734454 520616 219451 304936 286 173450 2583 546661 3077 42020 281830 144298 306358 775956 881191 946990 467343 25756
55500 89
153461 469181 20802 477664 7569 78149 306698 833019 680167 26583 489957 854389 166635 782766 616 457138 964149 292817 588319 76611 527078 479385 11670 60921 931207 675 407701 15592 69 213847 526737 349140 25311 137465 8600 3565 49723 10994 727652 307643 733514 249992 643026 268193 7319 745969 650196 262467 114031 1750 293021 366777 81076 284891 100125 275965 43646 308821 451331 256253 125030 378606 429957 35676 557346 129445 175277 91155 906550 679211 226819 102293 516191 782855 405039 41833 163394 501774 193532 19307 602598 331660 53297 946501 31 682316 1852 73284 283140
163402 27
795962 255412 86718 775108 30147 168004 128318 928710 221319 29881 334766 415194 258 454652 419307 130627 528906 710963 126 7 948 973347 814192 172769 560365 3491 455910
17682 48
780720 885670 432950 105745 76616 197051 493367 772293 65820 43571 192003 179643 150525 707327 881 757440 388028 161797 745725 2218 349447 540844 950093 603947 108191 30458 22091 847651 511596 676021 313547 383904 885702 743856 67771 173114 18736 190463 965236 39782 48244 139379 62682 585860 409700 268644 372079 244769
159487 20
49 105851 5518 252701 332772 17351 509450 155482 165976 4521 3118 991217 234370 76525 38544 3651 789938 570873 154126 32479
60081 42
889307 886805 268891 101289 2168 543477 9750 68 2315 3079 21958 283678 183027 244074 688861 833302 164120 245223 191023 369019 572880 55941 805724 522262 854628 425429 2686 7099 633497 127 267477 642087 284094 370239 820566 190956 567501 137620 126865 85194 798559 4676
32724 37
347912 686815 341848 329220 89729 1758 185323 109095 712906 666464 816372 710971 624162 461703 334950 2273 6681 87809 581003 523929 146647 571684 71634 165533 15886 397091 121978 52093 707660 56803 836 227920 390380 944746 580290 135970 111293
370 98
518210 445402 956756 478185 9385 791403 870092 176901 241200 97129 703557 6238 62221 464001 673863 513809 94972 390988 314 322627 90443 82489 142864 2436 885517 924791 332739 169114 96871 313893 840890 11588 56685 321285 1282 254943 773657 324 324041 219544 312945 488515 8164 63152 288214 5305 90084 10003 415403 210961 961178 779477 437804 149845 22460 4503 215080 9945 597551 270 374629 550084 19816 12425 824758 571163 720098 5731 344412 90908 88251 40 19856 518741 75053 797742 228795 123455 330821 997805 174477 715819 228690 327020 145936 206715 33110 309690 77592 17764 637144 330483 402271 432990 86682 6287 293742 401930
36 51
9743 14617 139361 88652 452607 576723 230934 1596 292542 728051 88538 72797 696393 18482 268742 498501 663280 5240 21390 937846 798326 577185 166502 451292 221511 233535 115749 34367 616956 299298 86010 73861 163733 111912 142399 350220 723698 38194 538317 806851 278306 124796 56700 14481 798933 508605 27249 6094 232812 714 21141
45498 55
752422 338867 682325 1750 539218 207348 449818 114906 503073 210166 296298 451443 677837 16032 523913 19870 184926 310422 163579 59 534831 525459 263777 429254 21225 979046 358 301252 821391 106553 121573 168952 879225 616901 533266 483383 520857 149879 28936 133339 56715 910932 115996 114212 851097 448499 617562 285861 848478 96492 105168 444 942 829155 176450
90010 35
3931 41489 111782 41761 68307 67120 949362 454329 249809 355693 30916 17710 70717 329403 44005 344189 394373 673 438812 767015 3413 952456 376971 570841 589033 768169 876655 487450 356 70075 628436 26317 96257 254941 741611
1 95
759547 46471 137063 318755 578457 69742 979502 584744 360979 531967 14184 105875 878782 324086 102805 475977 934529 588519 23265 153727 35791 1311 21233 373065 741186 216394 491026 664552 70046 472548 182982 39944 107951 173000 750477 127907 253873 139725 636810 100648 9818 41213 354266 660148 77327 19 74232 54062 84503 540388 486841 78943 401264 47880 85239 706074 165752 110227 248285 413514 177429 338267 24651 59260 212 105989 78935 28021 412884 71935 908835 15289 1561 24173 721656 980459 129789 190424 294362 106156 15129 563588 389690 217006 209979 166601 88232 784827 692058 39388 35236 95826 579554 810757 562362
198553 31
171809 658 555085 902645 765756 379 14014 725831 525484 12118 910278 525677 288205 166454 8682 94143 318994 549064 737962 151394 538711 26 563628 125404 91369 418387 237174 351753 2686 358435 851539
47727 48
287785 320097 985792 142605 339543 155688 815722 307523 135611 204641 1912 837155 137002 553824 425712 103697 258879 172589 356321 175008 689619 813450 412339 18910 371622 545 375898 980569 83770 942760 338593 992042 312554 403674 761512 454979 10702 341202 44521 15851 518191 571834 189905 372303 909491 32732 1412 267618
155370 86
571161 55655 160031 487219 857104 711567 841927 125056 225141 47791 102038 34127 729099 321494 23151 187204 345676 152907 828100 21603 224165 327958 109155 910393 53689 814475 240065 318430 424593 391211 730924 409691 441205 973780 817203 25564 657695 311454 42512 71727 680192 928331 547884 617958 513788 142123 72944 802558 7704 426695 38251 32154 690992 18312 61905 586540 465525 20969 38734 215930 458905 156778 168734 430997 488968 665928 301579 147028 983 45803 530103 38675 15064 85193 100514 779217 147273 2522 13613 110493 808572 348349 109304 11147 7412 102753
467 71
344433 491740 849318 238941 800794 69754 156649 28540 288 495046 42350 258314 6880 419092 217687 47451 111271 971288 390341 219784 49518 155651 68220 965315 92985 353194 282386 339627 47638 381689 492380 358027 289312 35768 115377 230007 80720 15497 182465 147059 25264 1359 964855 495412 568870 726607 329453 905129 10895 29480 5285 581680 194157 775339 317932 79760 730586 870491 67984 521931 29097 63234 22016 161456 236430 44632 68170 541332 84742 9267 386739
7250 47
651 591 48830 281434 27405 617208 39505 47707 40598 455233 326554 645169 559210 522303 149011 696522 627010 592834 9779 366961 249286 31189 773031 165188 423662 694236 29072 242654 284149 64152 10948 988990 398481 484370 542071 181949 227765 551458 459796 64935 150 836897 209155 1170 72086 20060 23172
281 92
423763 12691 977799 848136 114289 23027 134383 373413 385727 4523 232521 348245 224337 620560 10533 4317 459372 466099 1529 131391 286166 63068 13006 185609 4203 191176 43248 565789 9032 275864 757 114652 312600 887175 656224 158317 972389 469645 372347 836519 82545 87451 12515 91280 72884 204511 12923 50180 62346 10476 4 3256 364955 85096 19103 792881 627466 260274 211116 29189 99560 140 145981 171207 281251 229753 57596 313352 777883 12755 204607 354489 350372 380910 735294 376133 2262 36902 947784 194659 474149 32332 963298 371378 8296 1328 590693 92471 2376 210121 209569 169197
77342 99
12260 21753 106944 7989 893688 128211 724803 228442 452198 25367 116184 110215 405525 832146 12253 28335 179271 194514 794478 99800 5351 296398 90234 106841 61686 502701 84218 43575 368607 296859 956629 56076 487661 187990 73658 48333 521888 548514 452193 74210 754385 894993 175136 1670 562 662255 368902 271568 115654 397566 99286 712677 578745 53721 96112 651632 38105 243238 766 73040 809735 693125 2455 15886 746829 545620 8234 141297 762830 103101 362164 651492 308896 65599 429341 168612 13 20637 497248 342792 13 112641 254905 905274 88 179918 463086 819720 869913 550907 202931 358496 206064 918053 389742 556 312829 85277 91681
844 78
116221 230788 359894 376765 960731 52952 2366 141872 38484 419928 193871 47837 305720 906036 276101 265418 110756 315525 426791 69161 7443 122900 17587 905014 437349 436719 146266 94418 776023 624401 390774 903133 421978 241010 522815 589888 290577 794592 411420 114650 913462 19568 831544 178270 960973 162111 398009 318170 93946 98902 194715 321085 695885 723779 26169 343907 128809 793340 573260 228893 628030 899658 632108 882217 474 83951 428 465674 278021 59906 42236 37036 535726 301900 600756 137669 213671 623527
4810 84
237286 318089 576519 537807 274143 730185 403985 154298 582407 573832 13503 3132 3131 35853 514482 702560 789600 124369 801395 472669 431113 572502 35280 35330 692577 47537 306106 871224 105330 50404 152887 19703 995583 500481 558581 343076 129680 839225 258784 504410 18912 2225 48421 107128 17724 117231 10333 684345 12524 125 108341 686509 298335 967493 9792 5620 40185 894 496497 556176 149834 27068 782259 610894 786447 2189 225687 27146 2604 268509 233392 1 155196 32066 1635 324590 309409 698518 350178 539279 122312 3817 18173 905149
157185 84
491681 609038 934292 683553 397457 893143 885770 2441 939268 51479 307979 145467 215723 219205 925226 16960 851458 107583 38367 299837 966955 710397 277571 634 10473 195197 628849 90374 541945 878027 40820 791982 107432 527167 1941 85658 538501 223460 9676 17316 38887 4019 409580 8883 21593 241107 35340 17102 74183 369496 30922 60744 38148 832025 62540 604513 621822 173787 8307 34568 293468 503703 469456 3305 461413 802326 569714 223363 509470 12734 590110 807385 813099 872308 6334 346816 181936 593901 87602 1783 138407 620337 74831 1562
142545 88
39657 265157 112990 7531 66658 36110 131623 2519 16771 42814 16360 989421 747731 377800 104688 704933 11767 456251 111642 593241 411791 288981 363773 795289 866484 744599 376841 9773 243376 279393 299455 932 301760 433619 1441 715722 92128 958713 22083 125695 34066 330726 60242 157389 120486 689330 459418 7404 263234 151452 762363 74253 173808 752435 679798 502113 154304 62 12979 1293 359745 880326 197863 256230 909390 317045 385504 61847 70631 818769 726523 397389 821405 98463 18189 81940 185 551131 2465 630437 212243 246352 493841 419211 263420 947001 155329 37009
1341 81
469758 7405 571989 206 163376 501386 399138 34112 922011 95827 351688 790205 2524 941968 988925 67257 21204 535621 216 650190 420865 20081 6443 76689 518186 779366 389144 7631 326132 9350 131203 52003 313447 875405 829314 47625 2768 119100 494703 179293 689366 792619 100469 769148 12969 158624 175507 281551 167029 1745 928332 58637 1735 724710 542 755827 591275 335121 324733 624086 70739 116551 552613 13 318 135014 46914 124387 40073 427690 157405 249737 23520 648665 14320 1488 170872 7421 617524 13990 1
227762 73
33018 79352 11264 61256 57102 765389 910567 72523 361037 30913 319936 264 331706 65662 205562 766401 241882 729794 939047 254187 779783 738702 134725 45364 57728 983276 143697 570779 66362 58612 50567 357566 420035 437254 42993 8565 395891 729 25407 2110 7176 192576 392638 531672 507240 122086 248616 1731 3121 455283 21786 10 333726 138071 573013 893721 566888 298754 551057 6881 648292 976671 784397 429578 135382 48402 405153 360888 184804 576055 158376 258020 16275
85793 15
575253 20609 265508 8210 863490 79253 340277 741766 193481 735413 712162 67488 616740 310853 68313
207273 83
394335 461085 80799 806954 195259 214289 54741 16910 265276 345838 775393 149898 342279 192187 5157 115866 114410 662667 452594 946283 10306 97958 573250 12322 107794 158310 5587 195961 835623 164936 301596 96275 944218 786049 182897 498757 209 754561 31597 119449 154865 175771 72755 24343 12269 30396 411897 146077 206867 225569 6082 199150 223871 482264 173443 31251 790245 68943 37724 764389 50200 179110 6500 132380 645512 129 66347 549236 34326 887022 609082 123 819167 327692 2031 863400 29292 701491 353543 6540 255085 589408 8652
124393 35
91019 116734 9368 286 168073 1906 16351 12805 344513 140091 178496 645993 444376 777149 538853 38655 54321 916073 435528 24721 489832 85857 759121 60676 23080 18634 103119 16145 44379 651146 154221 157719 12909 280543 868434
49208 19
136493 139685 120322 731696 12129 976328 14 321081 265860 5703 676600 410177 1083 559112 111711 975146 18711 41934 574916
87182 13
62016 337215 13701 589196 869482 519321 519232 695770 639684 669652 653910 625208 754533
222970 11
629237 343575 900398 38409 562108 840698 983430 523772 438810 196797 206878
45949 25
136450 772557 595857 877880 884819 177600 261208 582990 690140 348472 56487 114006 87308 930784 5952 582870 94186 27063 83159 692910 103857 41636 583544 7825 450801
242574 24
31979 37463 801340 549 734907 5550 922310 682262 123703 87123 69806 936685 144110 74003 669147 951415 631039 302210 37711 208347 19293 29084 140683 834061
16967 15
685771 619643 302356 279320 556843 642611 3823 97420 787657 129088 66769 646030 176764 842131 357141
53509 85
649051 146090 4190 484212 879225 602562 223058 37056 26977 11819 211366 413142 6236 8685 799415 211282 853714 232192 841588 313246 51339 275086 829301 167300 7132 159086 411119 62394 663 49843 512709 1174 913858 765459 691933 777298 81073 979632 67148 53997 915582 145222 32829 15212 272565 410148 924955 446434 4136 736335 932043 499280 329742 169206 789824 94987 153438 1434 28560 347648 164147 352967 462333 339478 335903 3899 454445 812778 858601 14098 912517 18002 656758 260498 207620 486853 673193 738760 488991 3780 122888 52778 303155 25611 343386
16036 82
6162 677216 117070 613304 90500 989434 517233 15091 541506 349343 81160 88262 285194 179754 19869 87245 120557 983777 689939 55264 85259 48990 935188 642415 43585 249757 399984 500796 54803 768701 168236 294 185690 619568 2671 337815 534367 25 268120 56259 1323 814670 25584 168213 79125 51586 612140 378982 487062 11 12 74068 396 361031 113224 506365 320994 274350 311110 406018 4972 233464 392729 844249 648077 956245 414947 56112 39301 3078 61607 13923 10408 1568 27699 206001 270747 108076 352920 355178 135887 339797
44022 32
3266 151026 122478 68573 147374 751607 17068 260073 964522 264855 32861 109209 252547 216958 103615 583453 69041 612942 51755 6923 73735 1221 906837 583833 103101 489673 126377 717612 163080 584304 288827 280281
54169 58
587316 38531 7441 23497 276441 324765 229908 535857 101083 377703 236 718407 491348 723878 770842 68227 423269 3655 778154 19511 455041 94058 524212 598798 16528 362710 569 616959 115862 539165 35486 128628 59990 778501 495415 93619 867367 386595 98394 447981 997353 440581 101557 597665 692 862837 190539 513333 431188 977270 394418 38242 15 814603 530988 160160 39352 315358
244549 61
229394 88187 47144 256616 494918 512499 68065 408684 78260 318008 120009 643179 34288 232 120517 21531 187961 503500 403944 43427 9061 447734 22604 833648 639057 948048 595461 279554 533996 166089 593113 602286 88469 408475 400421 395466 610327 231228 918021 67144 306836 273536 243126 7920 142336 383114 81865 153481 8 216961 384426 562415 63120 124353 96817 27813 11216 835319 409818 729649 333250
92495 33
4248 113623 625342 512054 110191 238240 159422 446515 219314 55222 185229 799466 289507 278095 300986 510140 283169 101355 406993 168216 295463 335169 10 46033 23130 78286 261380 17937 454 669 102529 25252 114436
19442 65
1981 786131 11281 120513 643007 405 239473 528189 577604 589827 306929 430345 780486 51883 143658 172784 453565 132353 315536 93206 378904 777080 223283 538697 427 982540 975665 545361 172231 255695 52809 932770 974843 78502 99369 239622 15323 215319 370660 30416 77725 210722 328030 30949 1216 936303 25362 13035 199359 437804 966405 626177 34795 415440 940988 957 109991 237147 435546 265883 32906 998518 726196 753801 435723
32349 39
2668 16726 129310 609478 123692 156572 90463 115479 249150 28363 171135 262261 180122 772984 424758 220418 731073 876 227441 604501 28156 658802 104823 373845 39276 548242 298323 352428 189267 123056 405823 42187 976 562225 23441 591371 22168 994321 77402
224268 28
299209 485593 404080 614266 464216 309282 29113 798210 165611 797801 298112 851772 467172 84 440790 544 708688 148055 48989 2289 498723 976355 62149 428018 393246 158202 46309 247133
22386 57
272023 214177 347804 25799 980585 9726 31661 18620 369269 681663 998753 222263 56850 425058 117200 21847 220071 667487 223172 11965 411814 380485 161030 52787 91582 366682 34059 142707 12646 990922 392221 152972 712026 426686 255997 11229 3880 128095 4745 23741 200007 15608 51518 597 220929 757012 642547 467952 9500 22482 8530 12236 205782 357666 995904 219004 281597
136100 67
57027 341594 52040 159111 903422 521689 391784 185725 393638 723464 66465 216329 969243 853825 2065 201320 114077 282126 138341 248415 82632 407974 326574 5688 180641 316188 142781 143687 366093 129719 6297 19547 741360 483411 726110 512067 492804 27662 216019 121330 269045 755048 573826 501920 98090 351008 2933 41990 2544 284130 866475 135462 449406 108 518176 508177 677253 983828 923757 513979 253343 191551 1490 859396 484994 4826 704724
153036 68
868534 189119 163743 311099 959358 736245 856422 71695 363220 19730 91876 458035 725815 137645 133 562150 737 618399 375607 69977 167251 252363 879374 98534 105983 52847 136608 224346 717316 32086 94982 186622 774316 87591 16952 205095 455164 671446 137605 338087 921853 806179 4773 34679 19086 260468 10203 158027 171646 499722 972844 297303 179167 734449 873574 93641 130283 1984 20127 173280 38081 16921 380582 630891 643183 545320 114630 274109
118004 11
744632 143855 161370 24083 413061 171572 431236 99053 601668 287992 355386
5031 89
998075 420897 646586 416984 716133 205429 460033 125872 438292 34069 135 1985 49210 116206 1794 970829 627438 16233 105405 193594 754459 764279 58445 872026 827669 317239 2530 141386 607699 798923 3319 266206 302947 938956 429745 147925 318 71677 543444 174065 930695 281317 380083 164914 96212 861148 219917 2 236197 386459 176045 10673 910898 11258 123421 481381 629674 725254 541001 682067 292908 124533 792431 2090 710662 40911 2246 237400 278680 158658 983206 479670 16906 963187 48635 27758 274178 228746 944117 79969 630916 762516 818089 159793 395365 97940 329667 410219 18723
193363 79
483327 963872 56757 61330 174398 1883 403705 232241 43017 697633 122759 284604 77405 566636 353207 901584 362508 14287 89190 12723 995063 629354 924338 109964 738317 420606 279240 170394 192645 11578 297560 95163 4 278201 305521 556686 169245 594968 130816 1517 380015 504155 751393 394238 123492 144409 920677 713742 1703 247096 904820 916631 118718 10347 125252 997627 8900 1276 352391 976521 75573 20616 583049 179748 63666 835326 69468 399169 24862 684382 665296 7407 69742 169717 846 728209 480853 234898 377433
240457 57
306052 470027 127809 750958 21436 283590 393690 28735 659519 29743 345756 905608 527724 449025 707492 135577 219572 4350 492931 44500 492929 38763 374858 237080 499375 560432 314510 159667 734512 39916 119043 211597 151145 135961 98126 31738 379030 533370 841 63656 35716 444272 405391 157334 226106 150241 237282 1111 784056 177270 19671 130417 218348 59370 152286 22913 737964
32061 62
134091 92463 380200 1042 2345 394829 895193 16524 57143 92837 33568 694591 160452 263774 95529 331200 38659 177799 860296 108287 22914 413151 13108 923317 5890 896486 179141 683765 1572 939215 527704 41448 30733 17440 19875 173629 6844 108692 37117 230010 836876 756946 171984 103838 28194 43044 22966 4733 313352 684445 156813 42119 8 1044 922209 571379 300314 46272 574429 13168 365834 570359
31368 26
498123 294460 7084 709016 259429 900129 912928 862466 637 455899 441659 172635 100627 135181 654699 206351 145720 149968 991313 743114 10710 4364 681977 11965 219222 728240
246333 88
487819 273135 37 55426 505392 225157 21089 61163 1318 27455 1629 271757 92337 311171 71511 6636 488769 915319 146635 183108 219469 220974 88695 628987 296259 605336 520996 47833 268166 768151 52602 50183 293250 366187 435617 3941 528920 167682 81635 19325 506595 3018 244522 616595 892066 2840 684159 100307 1448 142906 530962 573538 182056 679326 456526 77180 919044 70760 20405 19736 247579 47901 707541 445727 102217 11783 91672 24188 656965 427857 365688 242684 4279 274053 980575 20303 822164 161314 756827 291186 30764 50234 286940 750312 9867 347917 1023 91123
43253 29
98651 179463 4461 972749 516315 570317 52243 157579 411205 605557 133924 150044 19330 151985 664360 9243 321686 592174 544290 48385 34291 782404 57668 505958 288259 65566 770500 26722 125832
13233 52
689389 494433 605193 219135 102535 554224 281411 9107 490237 12397 366618 683619 287398 911201 4759 626648 8188 8933 246922 108568 3785 921401 438237 356120 168868 565664 38930 807416 866273 52432 487485 400035 9747 922059 197262 545039 548274 987077 11965 402005 375113 72004 650196 247731 8452 107340 10650 35765 39855 122674 591912 434210
110675 24
906536 494815 553278 833934 34463 460746 808602 55189 969545 493726 3454 121243 434297 905345 53328 70657 810248 113403 702629 304904 55750 73938 70800 68195
70587 82
6943 6029 269505 269005 3160 647826 121579 8961 412577 12011 873 775048 743 253071 23250 27708 12069 13472 648867 553721 104829 138670 124228 404674 243501 191277 271595 294247 165424 42 495881 406057 779300 107760 8193 43585 49581 1193 16606 484697 319196 426535 182493 33943 712215 2810 34289 57388 853116 429892 886990 224625 201169 283240 359073 520565 459906 169911 904404 757816 332784 267636 375230 430765 819879 647241 27024 400606 62805 41 47150 436966 10030 459422 420881 422031 135126 622889 848041 614591 399981 727144
30 15
907515 130995 833857 860638 23215 403200 544222 8091 426478 232011 117217 223 783553 673022 500000
248298 37
40443 448020 8577 172853 717219 352641 945820 84395 211404 437887 843755 366727 12666 110 112656 834464 502442 44838 111912 93495 13275 21282 521354 915988 194235 6686 345735 786146 540165 20749 392480 14217 407604 892011 386932 181318 211474
106217 57
438446 151816 185412 1146 174977 171137 1293 971201 11881 201623 127589 4559 329148 46525 52098 992466 6521 656712 39435 681425 221759 232352 356257 47495 883620 793460 13993 147436 293243 943089 79375 837236 257872 673875 695972 138103 2843 118188 969797 660833 139232 492634 154120 518085 348702 59922 664410 78 222872 12766 915492 286730 743349 889415 490963 326338 184508
151588 54
32050 389198 12760 302780 508493 138610 713316 914913 355726 118578 699901 255940 71961 477729 10092 332180 138409 214914 1507 10717 333296 736307 601510 73027 38138 340710 3152 92899 297960 8497 546518 7719 21052 51831 360787 295109 902363 68279 266151 336338 295 204923 691282 257988 355970 225248 99938 239000 132561 536576 356622 368007 449308 85931
177781 25
289309 150732 173282 46130 648705 234283 736807 189509 507294 259298 181681 253831 926522 887379 11494 396078 17940 2856 616874 83287 48942 511997 446846 85139 3064
133688 33
259261 786021 6426 138593 927481 292951 286421 179021 86564 177390 225100 124436 390231 293163 91614 16942 695565 993318 865002 798948 1581 347696 3395 531 475273 311132 204693 375654 34557 975965 458235 37374 372
15698 34
767739 10287 661824 34486 2724 800501 60759 431859 79491 870055 12728 936 64345 370661 138879 636880 820733 447168 65193 594154 750590 776608 12370 3157 6008 2118 34697 150130 92255 727804 609664 625075 615100 760315
71059 42
12552 589113 161114 874318 75557 280732 14551 6281 48911 37931 319255 236142 736646 234743 140386 951085 410986 135710 850480 590943 577607 649547 180255 203148 171205 305440 18627 3215 17567 939209 372688 763936 285445 18983 470110 1 108231 679 335726 20641 577640 246958
98626 11
670947 296160 21851 171240 992074 41279 994835 961772 160788 113488 218170
19024 76
29164 221932 8886 827122 181420 355561 5506 882857 514888 352574 63964 36274 21947 98545 202903 3 468091 487662 86462 763595 125794 953777 299521 475575 999752 224028 200062 26905 186875 523345 1935 365165 487758 477792 40291 418379 283720 790639 750151 703174 83104 1449 409671 475892 547487 593840 201110 120988 450871 408738 468509 562357 5135 49649 460114 8 194183 845571 170086 9443 943872 507322 232128 607436 852835 41764 101002 748109 828082 230412 344179 237012 552545 823636 19103 53267
216502 19
823922 108764 19086 480754 371240 25584 590147 609346 259463 54 15111 84724 69912 718035 936702 235046 618338 35 934338
190143 77
424001 109549 457088 341446 49379 323982 529824 611225 128982 309435 40074 811776 977273 225587 593057 627 502801 117112 636882 58098 27617 782144 286211 302373 211 909735 18360 678296 13157 64036 1593 841125 121 807874 518162 52190 302886 13205 122578 32807 142533 70344 493816 651978 1648 10343 193525 13354 605841 23 3818 251491 959076 26043 1203 171972 340856 973761 56240 655744 11887 394242 857359 105158 1106 6882 57309 883422 684952 465093 845421 612434 163662 100069 864379 811998 744031
5249 92
933523 617000 335083 25661 26155 713543 14 15785 262458 310581 382781 594437 442221 71126 276232 765451 401708 214743 798212 565548 110872 84073 148243 878836 839229 163916 29643 473811 87535 173896 33894 775050 80584 889425 903902 963969 134428 611738 733006 8338 598726 82662 829947 543 311341 360476 583088 361781 326570 36151 245527 134896 494136 4324 722248 349347 915353 805666 208125 137581 6032 770726 357609 157288 35903 58501 138455 797040 70833 665589 68 343743 47458 359332 2549 495915 983312 8963 397597 5450 2548 109069 226044 202211 906934 334315 395595 205916 15 39140 3847 190994
3401 27
96647 289839 67772 230 480832 3408 201616 366704 211550 449159 913384 27579 13963 90305 900408 35405 8386 113721 32401 405021 789891 57533 635200 64716 490612 416194 454840
194961 85
719181 325258 406818 332723 977932 22805 743827 319659 19109 3 768349 30345 40710 557855 725570 595 2088 784687 353232 4884 395066 6408 587124 114175 918341 917342 676278 395818 313480 311351 127363 517263 157884 29629 228852 530606 342978 352834 560107 807792 107776 798697 387656 223099 726467 127141 245428 88992 721768 262 18483 106289 47919 253757 652663 971077 57180 68978 11289 50746 3961 33065 146460 53520 259441 207884 4635 847958 225077 564742 852315 519 147687 395 323894 1234 887990 184702 30412 6229 21544 198001 512799 994770 896909
69406 58
59808 41777 549284 886839 543823 98554 34896 23594 37455 333689 61729 139758 685236 391070 782325 763247 368954 59131 309621 539278 670113 649779 203013 573768 561853 531165 549881 829869 381805 921178 46435 148835 947987 346294 13905 650090 275816 64289 598984 252556 531326 45993 701918 124623 3476 790657 195219 817627 2542 286909 5017 200552 179989 24518 55507 73690 590809 2387
38086 54
283958 27306 486071 872251 104567 935292 332305 141754 422678 237861 968274 898007 72654 16360 38903 28498 52558 218637 964535 69249 356820 896554 288845 386347 261306 10113 367149 43214 211794 239 794724 648088 92165 69834 63832 60975 234589 236120 163967 436738 41337 109300 197193 158770 687165 45664 23551 153652 356469 481160 245344 373590 608072 306658
112237 45
388805 91374 41601 20345 784108 17726 318369 9398 371097 159075 74421 84623 3069 311139 892942 25873 3885 442725 753833 22686 507313 6572 917524 360529 218400 183699 959941 517217 342908 60642 99884 694863 475296 469427 282267 2481 147539 202035 548729 996018 3325 10302 104103 17501 70614
17229 80
46896 49 156022 893153 235762 82195 38972 272133 20638 567291 333527 38223 441567 124 746487 776058 27352 31191 220116 164135 230749 292887 500351 68547 15124 599541 401346 14749 14434 223669 193089 452263 19460 316070 30420 281697 597445 185953 28241 649182 146516 16249 620277 200396 389692 835502 565065 910746 25906 672032 371906 923281 800788 678917 120620 3433 117581 901514 676820 245130 398 118813 946671 71769 373634 46829 525979 1831 254735 655007 560644 724532 490486 696021 384477 8602 736879 615426 283788 862561
223257 19
452323 51511 377152 11263 75807 12915 23821 576545 14780 14701 80740 659974 790122 49665 94953 368670 455873 399654 28796
83580 18
244641 13559 126328 464932 485750 911525 41888 851694 42871 33051 741788 22458 169007 25070 749724 456069 127478 29565
5357 63
240384 631201 125070 37669 532910 89862 412035 915497 1361 527692 311312 432004 3435 773855 365222 51619 14335 967657 27689 233310 354979 58005 9479 623452 10186 550230 974887 265500 48532 647087 80437 21879 291970 597246 336760 402904 574337 409627 30878 42461 265967 627052 222445 448400 1401 4 77200 311262 764452 1553 535813 318550 17766 212381 830810 40009 252224 879487 6911 8674 58860 202761 43566
51115 83
776030 966262 681936 247224 425563 944158 479287 228577 758905 829192 71643 3140 986386 60003 175681 1817 66262 95305 971864 216454 320701 483767 381935 836188 185638 403998 407982 104146 610504 101074 848850 528399 334404 723541 517962 145456 5226 97230 164937 499612 270710 5236 618753 991437 190400 239 331048 33980 725334 203480 47141 162017 899913 82074 330206 49584 237099 849370 142323 120936 233727 225949 10229 795672 762466 222037 843747 287519 491496 594513 366645 8103 494851 544859 462360 750806 855375 771546 116642 1989 74741 13021 399900
16127 81
94779 609530 465813 732877 258931 713474 636497 81377 555233 105398 589286 477497 1011 509855 864426 534060 572199 17782 134509 741911 724680 382975 342536 739288 269958 928871 766302 243581 167 546238 65156 463381 526774 608477 598852 337837 227680 178797 69021 190333 208481 31664 13885 852107 5466 750630 108839 340232 377894 678257 652345 525 110155 938685 389563 136506 776631 44021 701987 35543 6132 629973 334698 529754 79214 29623 794437 25905 648377 574903 877825 888811 1412 204 65780 963345 9659 338126 619541 395866 823815
107769 16
233865 213604 457570 833847 476739 20519 828678 968304 471460 178406 662769 585904 157651 260009 125373 277716
15767 47
690271 14813 318652 555002 189637 200794 1215 833641 26389 555374 699217 550105 175779 256782 16982 308780 1444 23628 7305 573938 29654 799238 151369 15074 61183 667004 40942 23135 996937 204506 112359 331768 329623 629199 147935 9721 11681 1231 11059 49649 184070 347238 674153 92280 77949 29684 110401
36418 65
340294 19922 77752 1233 5059 317102 24686 360213 41561 628815 339135 366618 144742 353597 881054 840179 148786 1212 900431 25900 291334 14134 59437 223852 256161 758174 600285 9662 125049 484071 265707 109947 218064 4957 5723 8690 401 7395 15400 290977 313769 99743 210168 178293 202302 51832 359955 425286 31910 454193 908114 212006 647919 265 715514 182015 627443 980946 672166 220407 14535 413906 416432 224121 983574
94506 27
577230 681547 604232 12977 849049 28065 649050 52382 299662 459116 226075 323929 359103 86645 279404 361914 507845 259398 257763 670385 759 352385 2772 190399 73168 272764 242279
