100
3 8
5 6 9 4 8 2 1 7
3 1
2
3 10
2 4 8 16 32 64 100 100 100 100
3 10
1 4 4 4 4 4 4 4 4 4
100 1
100
3 5
11 20 60 22 100
2 10
100 100 100 100 100 100 100 100 100 100
3 5
100 100 100 100 100
3 4
1 6 12 49
2 6
9 64 19 16 81 80
1 10
100 100 100 100 100 100 100 100 100 100
1 10
1 1 1 1 1 1 1 1 1 1
20 6
65 27 60 23 86 54
6 8
16 26 42 63 23 41 9 68
25 3
50 1 2
2 7
81 35 48 9 25 42 83
4 8
8 6 27 8 5 2 75 1
5 3
71 67 1
13 8
78 83 45 90 4 18 60 2
22 3
20 20 25
8 2
13 3
7 5
73 48 1 15 16
11 5
57 7 22 29 9
2 5
2 67 5 84 1
3 3
28 78 4
1 2
8 66
2 8
93 69 32 26 13 88 68 1
23 9
2 28 1 23 32 1 37 72 23
16 6
1 71 25 20 86 41
5 4
30 45 44 47
19 2
11 2
5 3
79 21 9
18 2
19 5
1 7
32 16 16 23 34 3 15
20 6
24 39 33 2 76 54
1 9
1 25 28 13 13 71 53 3 50
2 9
93 72 17 26 80 54 27 8 57
3 5
80 85 8 27 24
1 5
6 13 3 5 53
2 3
1 19 95
3 8
97 21 7 61 33 72 1 1
15 6
20 65 12 12 28 91
5 8
34 54 78 2 3 33 12 2
18 7
49 1 1 18 62 22 6
10 6
4 1 97 97 38 9
3 9
16 1 1 22 1 18 56 50 92
14 6
9 82 44 46 1 6
6 8
3 7 89 64 18 7 24 38
16 5
32 42 43 5 44
1 5
2 53 1 1 57
22 9
6 46 54 16 2 7 77 9 83
1 2
1 13
12 3
3 12 75
23 1
49
21 3
84 1 48
22 7
30 1 98 50 83 12 72
1 9
65 38 42 5 83 82 86 9 65
2 7
61 60 39 87 20 3 2
1 3
1 87 17
5 9
52 18 59 96 33 15 46 3 50
19 1
23
1 8
79 6 5 31 2 2 33 72
10 1
9
7 5
3 17 39 19 16
25 9
91 36 65 32 39 63 1 3 77
6 6
37 30 1 80 90 21
3 6
22 1 29 60 39 15
1 1
2
2 8
81 43 4 7 83 31 94 16
13 8
26 33 82 5 69 2 1 15
9 1
54
8 5
85 76 1 51 71
1 7
5 58 36 8 57 3 10
5 7
43 35 55 1 1 18 8
22 3
97 91 16
6 4
54 68 6 51
4 5
26 13 81 53 39
4 4
22 33 4 1
9 8
1 49 95 26 26 92 97 79
21 1
13
1 3
13 7 48
3 5
10 42 88 15 12
2 5
5 27 7 13 3
2 3
33 11 16
10 6
6 9 1 62 82 64
11 3
55 66 1
25 9
97 84 1 12 18 19 90 1 31
1 4
5 1 43 78
25 5
13 1 12 2 3
2 1
8
24 9
5 39 45 73 97 7 67 82 90
2 4
4 1 8 1
9 2
5 29
8 7
24 78 6 81 34 78 48
2 3
77 1 12
17 6
49 60 3 58 70 39
18 7
11 90 1 50 26 26 2
14 3
62 1 44
2 9
6 35 41 18 21 79 94 93 9
1 6
99 88 68 16 1 82
