100
672219 0 1160
49991 -316 0
965769 842 548
997473 3302 0
1000000 774 0
6 1 1
257252 597 119
1 6 2
1000000 -2750 0
132307 26 414
216152 0 658
371330 538 324
475067 -5622 0
541876 0 8574
243248 675 21
958402 0 4400
12 3 1
689530 -1174 0
995417 1410 0
1 1 1
491535 0 992
234182 22 110
535392 -10000 8710
237224 7169 3613
16 -5 1
839716 1144 0
199371 310 320
17733 -23 165
32 1 7
6 -4 0
49794 -24 42
417229 27 407
519689 0 1020
379755 0 872
999349 -404 0
786131 -9450 0
455912 -70 662
19 -2 4
927739 734 9318
8 3 1
311439 -530 258
662939 -2060 0
176699 20 382
19 5 1
105569 0 460
971845 -278 1116
908037 484 0
986419 -56 0
217852 74 586
261725 0 724
875474 -143 115
999204 -8970 0
708496 716 0
1000000 -1414 0
997234 -1412 0
491836 -334 658
6 -2 0
987883 0 4748
994964 1410 0
415561 -92 0
674812 10000 8054
891012 8678 10000
473850 0 974
658391 -618 530
990912 -1680 0
1 0 0
420904 918 0
860026 -1039 273
962538 -390 996
483635 0 984
939162 3164 0
658338 -1146 0
340177 568 5142
995819 -1410 0
445097 -944 0
714609 0 1196
988005 -10000 10000
548236 10000 10000
84897 5434 3024
1000000 1414 0
956740 -334 0
559065 -189 867
999121 1414 0
495511 996 0
241939 8300 0
3 0 0
987134 -58 1142
994236 -646 0
158738 275 287
818541 193 1085
19 -3 1
999591 0 8286
697988 8154 6832
10 -3 1
993174 226 418
399172 894 0
301937 -397 379
979512 -124 968
392056 -886 0
990437 0 5478
