100
5 0 2
12 1 1
2 0 0
14 0 4
15 -3 1
15 0 0
16 6 0
13 1502 8056
1 2 2
20 0 138
19 2 0
10 -3 1
20 6 0
2 2 0
20 2907 8391
9 -2 0
5 -2 0
5 0 2
17 1213 4089
20 -5 1
19 2 2
8 -3 1
13 -2 0
1 0 0
6 0 2
10 0 0
1 7582 0
13 -4 0
1 0 0
2 2 0
17 1 3
3 1 1
18 -2 2
17 -4980 0
14 -4 0
10 2 2
16 -5 1
5 -1 1
19 2 0
11 -2 2
3 2 0
4 -4178 0
14 1 3
2 7412 4452
3 -6540 0
5 1 1
4 0 0
19 4 0
14 0 4
5 0 4
6 2 0
10 0 4154
7 -4 0
4 1 1
6 1 1
13 -1 3
7 0 6910
3 -2 0
9 2 0
1 0 0
9 2 0
13 -1 3
10 4 0
18 -5 1
18 0 4
5 2 0
5 0 4
17 2 0
9 3269 6199
1 1 1
15 3885 283
10 1 1
6 -2 2
13 2 0
8 3 1
18 4780 0
14 0 0
8 3 1
6 -2 0
8 -4 0
1 0 2
8 0 3426
11 0 0
16 -1 1
1 0 2
15 -6 0
20 -4 2
6 -2 2
9 2 2
20 0 4
20 4 2
6 0 0
19 3 3
1 2939 2987
5 0 2
16 0 0
6 1695 6773
5 0 0
1 2 0
20 0 4
