100
1
1 10 10
0
1
1 10 10
1
1 10 10
1
1 10 10
2
1 10 10
1 10 10
5
1 4 0
1 3 0
1 2 0
0 7 1
1 4 1
1
0 9 0
6
0 3 0
0 0 0
0 1 0
0 4 1
1 2 2
1 9 1
1
0 0 0
3
1 3 0
1 1 0
1 6 1
5
1 5 0
1 5 0
1 5 0
0 8 0
0 4 0
5
0 3 0
1 7 1
0 9 0
0 7 1
1 0 1
4
1 1 0
0 0 0
0 7 0
0 1 0
10
0 1 0
0 3 0
0 7 0
1 2 0
0 3 0
1 3 1
0 4 2
0 4 0
0 1 0
1 7 0
0
10
1 1 0
1 0 1
1 4 0
0 0 0
1 7 0
1 0 0
1 7 1
0 8 0
1 9 0
0 6 0
1
0 7 1
2
1 1 0
0 9 1
10
0 1 0
0 0 0
0 4 0
1 4 2
1 1 0
1 9 0
0 2 0
0 1 1
0 8 1
1 5 0
7
0 7 0
1 5 0
1 9 0
0 9 0
1 9 1
1 8 0
0 3 0
6
0 8 0
0 3 1
1 6 0
0 1 1
1 1 0
1 1 0
13
1 8 0
0 0 0
1 4 0
1 3 0
0 1 0
0 0 0
1 4 1
1 7 2
1 6 0
1 5 0
1 6 0
0 7 0
1 7 0
1
0 7 1
12
0 5 0
1 5 0
0 8 0
0 8 0
1 9 0
1 8 0
0 8 0
1 9 0
0 1 0
1 4 1
1 8 0
1 5 0
3
1 8 0
1 0 0
0 7 2
7
0 3 0
1 5 0
1 2 1
1 9 0
0 2 0
1 1 0
1 5 0
9
0 3 0
1 8 0
1 4 0
1 2 0
0 9 0
0 8 0
0 8 1
0 1 1
0 7 0
6
1 3 1
1 8 1
0 9 0
1 7 0
1 4 0
0 4 0
11
0 7 1
0 0 0
1 9 0
0 4 1
0 3 1
0 1 0
0 2 1
0 2 0
0 2 1
0 3 0
1 2 0
7
1 9 0
0 5 1
1 1 0
1 7 0
1 4 0
1 1 0
0 9 0
11
1 8 0
0 3 0
1 9 0
1 3 0
1 5 2
0 9 2
1 5 0
0 7 0
1 1 0
0 7 0
1 7 0
15
1 7 0
0 7 0
1 4 0
1 8 0
0 7 1
0 8 0
0 6 0
1 8 0
0 7 0
1 6 0
1 3 0
0 9 0
0 1 0
1 7 0
1 0 0
4
0 3 0
0 6 0
0 1 0
1 0 0
20
0 8 0
1 3 0
0 4 0
1 8 0
0 5 1
0 3 0
1 6 0
0 5 0
0 0 0
0 2 1
0 6 0
1 2 0
1 6 1
0 5 0
1 0 2
0 7 0
0 0 1
1 8 0
0 9 0
0 5 1
0
10
1 9 0
1 2 0
0 4 0
0 4 0
1 3 0
0 3 0
0 5 1
0 6 0
1 6 0
1 6 0
11
0 7 0
1 1 0
0 9 0
0 6 0
0 7 0
1 5 2
1 1 0
0 8 0
0 5 1
0 5 0
0 1 0
19
0 1 0
0 7 0
1 1 0
1 1 0
0 1 1
0 3 1
1 3 0
1 0 0
1 4 0
1 7 0
0 1 0
1 2 0
0 6 0
1 7 1
1 1 0
1 5 0
0 0 0
1 2 0
1 1 0
3
0 3 0
0 6 0
1 0 0
14
1 1 0
1 2 0
1 3 0
1 3 0
1 9 0
0 7 0
1 2 1
1 1 0
1 5 0
0 3 0
0 3 1
1 0 0
0 1 1
0 5 0
9
1 6 0
1 0 0
1 3 0
0 5 0
0 0 0
1 5 0
1 4 1
0 7 0
0 1 0
3
0 2 0
1 3 1
0 2 2
21
0 2 1
0 4 0
0 4 0
1 0 1
0 0 0
1 6 0
0 0 0
1 3 0
0 8 0
0 4 1
0 0 0
0 2 0
0 0 0
0 4 0
1 8 0
0 4 0
1 4 0
1 8 0
0 1 0
1 6 0
1 3 0
21
0 9 0
1 5 0
1 8 0
1 1 0
1 4 1
0 3 0
0 1 0
0 3 0
1 5 1
1 0 1
0 9 0
0 1 2
1 8 0
0 9 0
1 7 0
0 7 0
0 1 0
1 6 0
0 1 0
0 4 0
0 0 1
4
0 6 0
1 4 0
0 8 0
1 4 0
8
0 3 0
1 7 0
0 9 0
0 0 1
0 2 0
0 4 1
1 6 2
0 8 0
18
1 9 2
1 4 0
0 0 0
1 4 0
0 9 0
1 6 0
1 2 0
0 1 0
0 4 0
1 9 0
1 7 0
0 6 0
1 6 0
0 8 0
0 7 0
1 6 0
1 6 0
1 9 1
15
0 9 0
1 4 0
0 7 0
1 0 0
1 9 1
1 3 0
0 0 0
1 0 0
1 4 0
1 6 0
0 3 0
1 9 0
0 9 0
1 4 2
1 9 0
12
0 2 0
1 1 0
0 7 0
1 6 0
1 3 0
0 9 0
0 2 0
1 3 1
1 2 1
0 4 0
0 0 0
1 4 1
6
1 1 1
0 6 0
0 1 0
1 9 0
1 0 0
1 1 0
22
1 3 0
0 3 0
1 1 2
1 1 1
1 5 0
0 9 0
1 4 0
0 7 0
1 6 0
0 1 0
1 2 0
1 3 0
1 8 1
1 7 0
0 8 1
1 9 1
1 7 0
1 8 0
1 5 0
0 3 0
1 6 0
1 6 0
3
1 7 0
0 9 1
0 2 0
26
1 0 0
1 6 0
0 2 0
1 5 0
0 1 0
1 4 0
0 5 0
1 7 0
1 6 0
0 9 0
0 5 0
1 2 1
0 1 0
0 9 0
0 7 0
0 7 0
1 6 0
0 5 0
1 1 0
0 7 0
0 0 0
0 1 0
1 5 0
0 8 0
0 2 0
0 0 0
14
0 4 0
0 4 0
0 9 0
1 8 0
1 1 0
0 4 1
1 0 0
1 4 1
0 1 0
0 8 0
0 9 0
0 5 0
0 6 0
1 2 0
16
1 2 0
1 2 1
0 1 0
0 8 1
0 7 1
0 7 0
1 6 0
1 5 0
1 8 0
0 6 2
1 6 2
1 8 0
1 8 0
1 0 0
1 5 0
0 2 0
14
1 0 0
1 0 0
1 6 0
0 4 0
1 0 0
0 5 0
0 5 0
1 5 2
1 3 0
0 2 1
1 3 0
1 0 0
1 9 0
0 0 0
17
1 4 0
0 2 0
1 9 0
1 8 0
1 7 0
0 7 0
1 9 0
0 4 0
0 0 0
1 4 0
0 1 0
0 9 0
1 3 0
0 6 0
0 7 0
1 0 0
1 0 2
25
0 7 0
1 9 0
0 1 0
1 6 0
0 2 0
0 4 0
0 6 1
1 9 1
0 9 0
1 2 0
1 3 0
1 3 0
1 9 0
1 2 0
0 1 0
0 0 2
0 5 0
1 3 0
0 8 0
1 5 0
0 4 0
0 0 0
0 4 0
1 0 0
0 6 1
7
0 3 0
1 1 1
1 2 1
0 3 0
0 1 0
1 3 0
1 6 1
29
0 9 0
1 3 0
0 6 0
0 6 0
0 5 0
1 0 0
0 7 0
0 6 1
0 0 0
1 6 0
1 4 0
0 6 0
0 9 0
1 0 0
0 0 0
0 8 0
0 0 0
1 5 0
1 3 1
1 0 1
0 6 0
1 1 0
0 4 0
0 9 0
1 9 1
1 0 0
1 8 1
0 1 0
0 7 0
4
0 4 0
0 8 0
0 2 0
0 5 0
34
0 7 0
1 4 0
0 4 2
1 8 2
1 8 0
0 0 0
1 7 0
1 3 0
0 8 0
0 2 0
0 5 0
1 5 2
0 5 2
0 1 1
1 5 0
1 0 0
0 5 0
0 5 0
1 4 1
1 3 0
0 3 0
0 2 0
1 3 0
1 0 0
1 2 0
1 2 0
1 9 0
0 2 0
0 8 0
0 0 0
0 8 1
1 1 0
1 2 0
0 4 2
0
29
0 8 0
0 7 0
0 5 0
1 0 0
0 1 0
1 5 0
1 7 0
0 0 1
1 7 0
0 3 0
1 6 0
0 0 0
1 1 0
1 7 1
0 3 0
1 7 0
1 7 0
0 4 0
0 2 0
1 3 1
0 9 0
0 0 2
1 3 0
0 3 0
0 7 0
1 8 0
0 9 0
1 8 0
1 3 0
6
1 4 0
0 2 2
0 0 0
0 4 0
1 6 0
1 5 0
33
1 3 0
1 0 0
1 7 0
1 2 0
0 5 0
0 6 0
1 6 0
1 2 1
1 3 0
0 4 0
0 6 0
1 8 1
1 6 0
0 5 0
1 6 0
1 2 0
0 9 1
1 2 0
0 8 0
0 8 0
0 7 0
0 9 0
1 2 0
1 5 2
1 1 1
0 0 0
1 6 0
0 3 0
0 6 1
1 8 1
1 9 0
0 1 0
1 0 2
3
0 6 1
1 6 0
1 5 0
21
0 7 0
1 4 0
0 2 0
0 9 0
1 0 2
0 9 0
1 0 0
0 9 0
0 3 0
0 5 0
0 6 0
0 4 0
0 6 0
0 8 0
1 5 0
0 0 0
1 9 0
0 0 0
1 6 0
1 8 0
0 4 0
16
1 3 0
0 7 0
0 9 0
0 5 1
1 3 0
0 2 0
0 6 1
0 9 0
1 7 0
0 3 0
0 5 0
1 5 1
1 8 0
0 4 0
1 8 0
0 9 0
10
0 3 0
1 7 0
1 1 0
0 5 1
1 5 0
0 8 0
1 0 0
0 5 0
1 0 0
0 0 1
28
0 4 0
0 7 0
0 2 0
0 1 0
0 2 0
1 6 1
0 1 0
1 0 0
1 6 1
0 5 0
1 3 0
0 8 0
0 7 0
0 2 0
1 4 0
0 0 0
0 5 0
0 6 0
1 2 2
1 4 0
0 8 0
0 4 0
0 4 0
1 6 0
1 9 0
0 7 0
1 9 0
1 5 0
4
0 1 1
1 9 1
0 9 0
1 3 0
35
1 4 0
1 7 1
1 9 0
1 1 0
1 8 1
1 7 0
1 9 2
0 7 0
0 8 0
0 8 0
0 4 0
1 9 0
0 2 0
1 6 0
0 2 0
0 4 0
0 4 0
0 3 0
0 8 0
0 2 0
0 1 0
0 4 0
0 2 0
0 4 0
0 5 1
0 0 0
1 2 0
1 1 0
0 6 0
0 5 0
1 7 0
1 0 0
0 2 1
0 0 0
1 4 0
18
0 6 2
0 2 0
0 6 0
0 6 0
0 6 0
0 6 0
0 1 0
0 2 0
0 0 1
0 9 0
1 0 0
1 9 1
1 6 0
1 0 1
1 0 1
1 6 0
0 5 0
0 2 0
22
1 2 1
0 5 1
1 7 1
1 7 0
0 6 0
0 3 0
0 2 1
1 9 0
0 2 0
1 3 2
0 8 0
0 8 0
1 8 0
1 0 0
0 6 1
1 9 0
1 9 0
1 3 0
0 3 0
1 0 0
0 1 0
1 3 0
35
1 5 1
1 1 0
0 4 0
0 7 0
1 0 0
1 3 0
0 8 0
1 7 0
1 6 0
0 9 1
0 6 1
1 3 2
0 8 0
1 3 1
1 2 0
0 8 0
0 1 0
0 9 0
0 3 0
1 6 0
0 6 1
1 6 0
1 1 0
1 5 1
1 3 0
0 6 1
0 8 1
1 2 1
1 7 0
1 3 0
1 4 0
0 1 0
0 8 0
0 3 1
0 9 0
6
0 8 0
1 4 0
0 5 0
0 6 0
0 8 1
0 8 0
7
1 5 0
1 5 1
0 7 1
0 6 0
0 2 0
1 7 0
0 8 0
35
1 8 0
0 2 0
1 1 0
0 8 2
0 3 0
1 6 0
0 9 0
0 9 0
0 9 0
0 3 0
0 6 0
0 6 0
0 6 0
1 2 0
1 0 0
0 6 0
1 2 0
1 9 1
1 8 0
0 1 0
0 9 0
1 9 0
0 9 1
0 7 0
1 4 0
1 4 1
1 1 0
0 7 0
1 7 0
0 8 0
0 2 0
0 9 0
1 3 0
0 7 1
1 4 0
32
1 1 0
0 8 0
0 6 0
1 6 1
1 2 0
0 9 0
0 6 0
1 0 2
1 0 0
1 4 0
0 0 0
1 4 0
0 6 0
0 6 0
0 6 1
0 9 0
1 1 0
0 1 0
0 2 0
0 5 1
0 5 0
1 4 1
1 5 0
1 7 1
0 2 0
0 2 0
1 5 1
1 2 0
1 8 0
0 5 0
0 3 0
0 7 1
11
0 0 0
0 8 1
0 2 0
1 8 0
1 1 0
0 4 0
1 8 2
0 3 0
0 4 0
1 7 1
0 5 0
27
1 9 0
0 4 0
0 3 0
1 3 0
1 9 0
1 3 0
1 9 0
1 0 0
0 5 0
1 2 0
0 8 1
1 0 1
0 4 1
1 3 1
0 5 1
1 5 0
1 4 0
1 3 0
0 7 0
0 7 0
1 6 1
0 2 0
0 7 0
1 4 0
0 0 0
1 3 0
0 1 0
17
1 2 0
1 4 0
0 0 0
0 7 0
1 3 0
0 8 1
0 3 0
1 5 0
1 2 0
1 5 0
1 0 1
0 9 0
0 6 0
0 8 0
0 5 0
0 7 0
0 8 1
14
0 5 0
0 1 0
0 6 0
0 7 1
0 1 1
0 4 0
1 6 0
0 6 0
1 6 1
1 3 0
1 5 1
1 2 0
1 6 0
0 1 0
31
1 1 0
0 6 0
1 7 0
1 4 0
0 0 0
0 9 0
1 6 0
1 0 0
1 3 0
0 8 0
1 7 0
0 7 0
0 5 0
0 1 0
1 4 1
1 1 1
1 4 0
1 2 0
1 1 0
1 7 1
1 4 0
0 1 1
1 3 0
1 4 0
1 7 0
0 4 0
0 5 0
0 4 0
1 9 0
1 0 0
0 2 0
33
1 14 0
1 6 0
1 2 0
0 5 0
0 17 0
1 7 0
1 8 0
1 14 0
1 20 1
1 12 0
1 20 0
0 12 0
0 14 0
1 0 0
0 0 0
1 14 1
0 8 1
0 12 0
0 15 0
1 12 0
1 17 0
0 18 0
1 7 0
0 10 0
0 9 0
0 11 1
0 2 0
0 19 0
1 6 1
0 10 0
1 9 0
1 7 0
0 12 0
47
0 19 0
1 10 0
1 15 0
0 7 2
1 17 1
0 18 0
1 10 0
0 13 0
0 14 0
1 4 0
1 9 0
0 5 0
1 20 1
1 10 0
0 1 2
1 4 0
0 14 2
0 8 0
0 19 0
0 12 0
1 11 0
1 16 0
1 20 1
0 6 2
1 18 0
1 6 0
1 11 0
0 2 0
1 13 0
1 15 0
0 2 0
0 18 0
0 11 1
0 2 0
1 17 0
0 9 0
0 7 0
1 11 1
0 4 1
0 9 0
0 12 0
1 4 0
0 18 0
0 19 0
0 16 0
0 10 0
0 14 0
76
1 10 1
1 16 0
0 10 0
1 11 0
1 0 0
1 7 0
0 10 0
1 1 0
1 1 1
0 15 0
0 10 0
1 16 1
1 17 0
1 10 1
0 10 0
0 19 0
1 5 0
1 14 0
1 19 0
0 11 2
0 2 1
1 8 0
1 13 0
0 8 0
0 2 1
0 4 0
0 0 0
1 10 0
1 3 0
0 8 0
1 13 0
0 18 0
0 0 0
1 5 0
0 10 0
1 1 0
1 0 2
1 6 0
0 8 0
0 16 0
1 15 0
0 14 0
1 15 0
1 11 0
1 9 0
0 7 0
0 17 0
0 14 1
0 18 0
1 4 0
1 2 0
1 17 0
0 4 0
1 4 1
1 8 0
1 8 0
0 11 0
1 7 1
1 10 0
0 10 1
1 14 0
1 12 0
1 9 0
1 8 0
0 8 0
1 4 0
0 20 0
0 19 0
0 8 0
1 18 0
1 15 0
1 13 0
1 15 1
0 9 0
1 11 0
0 17 2
4
1 18 0
1 20 0
1 15 1
0 15 0
39
0 2 0
0 9 0
1 5 1
1 13 0
1 16 1
0 3 1
0 2 1
0 14 0
0 1 0
1 6 0
0 9 0
0 8 0
0 9 0
1 8 0
0 15 0
1 13 0
0 18 1
1 16 0
0 10 2
1 4 1
0 17 0
1 7 0
1 11 0
1 2 0
1 20 0
0 8 0
0 4 0
0 15 0
1 14 0
1 2 0
1 0 2
1 16 0
0 15 0
0 4 0
0 12 0
1 19 0
0 20 3
0 6 2
0 16 0
41
1 8 0
0 10 0
0 12 2
0 0 0
1 17 2
1 7 0
1 13 0
0 14 1
1 11 1
1 19 0
1 15 0
0 8 0
0 12 1
0 19 0
1 11 0
1 13 0
0 18 0
0 18 0
0 8 1
1 4 0
0 10 0
1 0 0
1 13 3
0 7 1
0 9 0
1 6 0
0 8 1
1 10 0
0 4 1
1 9 0
1 19 0
1 9 0
1 8 0
0 12 0
1 20 0
1 5 0
1 15 0
0 9 0
1 19 0
0 12 0
0 12 1
71
1 18 0
0 0 1
0 3 0
1 20 0
0 18 0
0 12 0
0 18 0
0 0 0
1 10 0
0 5 0
1 1 0
1 1 0
1 13 0
1 11 0
0 4 2
0 0 1
0 5 1
1 3 0
0 12 0
1 9 0
0 11 1
1 20 1
0 18 1
1 13 1
1 18 0
1 13 0
1 14 0
1 6 0
0 12 0
0 12 0
1 6 0
1 15 0
1 7 1
0 10 0
0 1 1
1 0 1
0 20 0
0 8 0
1 11 0
0 16 0
1 18 0
1 17 0
0 11 0
0 10 0
0 11 0
1 13 0
0 14 0
0 5 0
0 7 0
0 0 1
0 6 0
1 7 0
1 13 2
1 7 0
0 18 0
0 4 0
1 15 0
1 17 0
1 9 1
1 7 0
0 19 0
0 19 0
1 17 0
1 16 0
0 14 0
0 13 0
0 19 0
0 6 1
0 3 0
1 8 0
0 10 0
9
1 8 0
0 9 0
0 4 0
0 19 0
0 9 0
0 14 0
0 20 0
1 1 0
1 7 0
9
1 19 0
1 2 1
1 18 0
0 15 0
1 6 0
0 8 0
0 19 0
1 1 0
0 16 1
71
0 2 0
0 8 0
1 4 0
1 13 0
1 13 0
0 18 0
1 0 0
1 3 0
1 17 0
1 2 0
0 4 0
1 8 0
1 16 0
0 17 0
0 17 1
1 3 2
0 14 0
0 10 0
1 14 0
1 7 0
0 6 0
1 3 0
1 18 0
0 15 2
0 16 1
1 15 0
0 18 0
0 4 0
0 7 0
0 10 0
1 14 0
1 9 0
0 4 0
1 8 0
1 7 1
1 18 0
0 3 0
1 5 1
1 15 0
1 19 0
0 10 0
0 17 0
0 7 0
1 7 0
1 9 0
0 6 4
1 3 0
1 18 0
0 1 0
0 7 0
1 7 0
1 15 0
1 20 0
0 4 0
1 6 0
0 9 0
1 10 0
0 7 2
0 1 0
1 4 0
0 7 3
0 6 0
1 13 0
0 20 0
0 0 0
0 15 0
0 17 1
1 20 0
0 12 1
0 20 0
1 10 0
79
1 18 0
1 10 0
1 0 0
0 20 2
1 0 0
0 9 0
1 17 0
0 13 0
1 2 0
0 3 0
1 10 0
0 12 1
0 10 0
1 10 2
1 10 0
0 20 0
0 12 0
0 14 0
0 7 0
0 6 0
1 10 0
1 8 0
0 13 0
0 8 0
0 0 0
1 13 0
0 15 0
0 14 0
0 15 0
1 8 1
0 9 0
1 0 0
1 16 1
1 8 0
0 19 0
0 5 0
1 3 0
1 5 0
1 13 0
1 10 1
1 6 0
1 5 0
1 1 0
1 9 0
1 5 0
1 4 0
0 7 0
1 4 1
1 2 0
1 16 0
0 2 0
0 12 0
0 16 0
1 9 0
1 19 0
0 5 0
1 17 0
1 16 0
0 5 0
1 14 0
1 11 1
0 15 0
0 13 0
1 15 0
0 2 0
0 17 0
0 9 1
0 11 1
0 13 0
1 0 1
1 5 0
0 16 0
1 2 1
1 0 2
0 7 0
0 5 0
1 0 1
0 8 1
1 6 1
1
0 12 1
22
1 15 0
1 20 1
1 5 0
0 14 1
1 17 0
1 18 0
1 12 0
1 12 0
1 14 0
0 7 1
0 16 0
0 2 1
0 0 0
1 7 0
1 16 0
0 2 1
1 0 2
1 17 0
0 16 1
1 15 0
1 12 0
0 7 0
58
0 20 0
1 6 0
0 6 0
1 2 0
1 0 0
0 6 1
1 7 0
0 2 0
0 1 0
1 11 0
1 20 0
1 3 0
1 9 0
0 17 1
1 14 0
1 4 0
1 4 0
0 6 0
0 8 0
1 9 0
1 10 0
0 15 1
0 16 0
0 16 1
0 17 0
0 4 1
1 6 0
0 1 0
1 19 0
0 2 1
1 11 0
0 19 1
0 20 1
0 3 1
1 13 0
1 7 0
0 13 0
0 12 0
0 8 0
1 5 1
0 5 1
0 5 0
0 7 0
0 4 1
0 17 0
0 12 0
0 15 0
0 4 0
0 7 0
1 12 0
1 6 2
1 20 0
0 7 0
0 0 0
0 20 0
1 9 1
0 4 0
1 5 0
15
0 4 2
0 6 1
0 9 1
1 16 0
1 19 2
0 10 0
0 11 0
0 7 0
0 18 0
0 12 1
0 10 0
0 1 0
1 20 0
1 10 2
0 10 0
65
0 17 0
0 17 0
0 11 0
1 0 0
1 8 0
0 3 0
0 2 0
1 17 0
1 14 0
1 14 0
0 12 0
1 17 1
0 11 0
0 18 0
0 20 0
1 20 0
1 7 0
0 18 0
1 1 0
1 18 0
0 12 0
1 9 0
0 7 0
1 3 0
1 17 0
1 18 0
0 18 0
0 3 0
1 1 2
1 19 1
1 4 0
0 0 0
1 16 0
0 13 0
0 16 0
0 17 0
0 4 0
0 2 2
0 16 0
1 20 0
1 18 0
1 1 0
1 1 0
0 12 0
0 1 1
1 11 0
1 12 1
1 15 0
0 6 0
0 1 0
1 7 0
0 11 0
0 14 2
0 0 1
0 19 0
0 9 0
0 20 0
1 9 0
0 11 0
1 16 0
1 11 0
0 17 0
0 9 0
0 11 0
0 8 0
55
0 3 0
0 5 0
1 7 0
1 6 0
0 14 0
1 20 0
0 19 0
1 10 0
1 7 0
0 7 2
0 11 0
1 16 0
1 20 0
0 16 0
0 4 0
0 9 0
1 8 0
1 1 0
0 1 0
0 1 0
1 17 0
1 2 1
1 3 2
1 1 0
0 4 0
1 11 0
1 12 0
1 6 0
0 1 2
1 14 0
0 0 0
0 17 0
0 18 0
0 6 1
0 14 0
1 0 2
0 3 0
0 0 2
1 20 0
1 11 0
0 18 0
0 1 0
0 10 0
0 1 0
0 18 0
0 13 1
0 10 1
1 0 0
0 0 0
1 10 0
0 7 0
0 11 0
0 18 2
1 10 0
1 15 0
25
1 11 0
0 7 0
0 8 0
1 6 0
1 12 0
0 12 0
1 14 0
1 0 0
1 9 0
0 2 0
0 18 0
0 4 0
0 8 0
1 14 1
1 6 1
0 2 0
1 0 0
1 16 0
1 18 0
1 17 0
1 6 0
1 14 1
1 17 0
1 10 0
0 2 0
10
0 20 20
0 20 20
0 20 20
0 20 20
0 20 20
0 20 20
0 20 20
0 20 20
0 20 20
0 20 20
70
0 20 0
0 20 0
0 20 0
0 20 0
0 20 0
0 20 0
0 20 0
0 20 0
0 20 0
0 20 0
0 20 0
0 20 0
0 20 0
0 20 0
0 20 0
0 20 0
0 20 0
0 20 0
0 20 0
0 20 0
0 20 0
0 20 0
0 20 0
0 20 0
0 20 0
0 20 0
0 20 0
0 20 0
0 20 0
0 20 0
0 20 0
0 20 0
0 20 0
0 20 0
0 20 0
0 20 0
0 20 0
0 20 0
0 20 0
0 20 0
0 20 0
0 20 0
0 20 0
0 20 0
0 20 0
0 20 0
0 20 0
0 20 0
0 20 0
0 20 0
0 20 0
0 20 0
0 20 0
0 20 0
0 20 0
0 20 0
0 20 0
0 20 0
0 20 0
0 20 0
0 20 0
0 20 0
0 20 0
0 20 0
0 20 0
0 20 0
0 20 0
0 20 0
0 20 0
0 20 0
48
1 5 0
0 1 0
0 10 1
1 5 0
0 5 2
1 16 0
1 3 0
0 0 0
1 13 0
1 20 0
1 20 0
1 11 0
1 9 0
0 0 0
0 18 0
0 14 0
1 2 0
0 3 0
0 14 0
0 13 0
0 19 0
1 18 0
0 0 1
0 3 0
1 11 2
0 2 0
1 18 0
1 18 1
0 8 0
0 4 0
1 13 0
0 10 2
0 8 0
0 6 0
0 2 0
0 18 0
1 1 0
1 2 3
1 2 0
0 20 0
0 5 0
0 20 0
1 14 0
1 20 0
0 3 0
0 2 0
1 3 0
1 6 0
32
1 8 0
1 7 0
1 12 0
0 8 0
0 10 0
0 0 0
1 3 0
0 3 0
1 1 1
1 5 0
0 6 0
1 11 0
0 17 0
1 16 1
1 1 0
1 1 0
0 19 0
0 15 0
1 8 0
1 1 0
0 1 0
0 15 2
0 12 0
0 16 0
0 17 0
0 8 0
0 3 0
1 1 0
0 15 1
1 5 0
1 5 1
1 14 0
10
1 15 0
0 20 0
0 13 0
0 5 0
1 3 0
1 11 0
0 1 0
0 10 1
1 13 0
1 14 0
70
0 15 0
1 7 0
0 16 0
0 2 0
1 17 0
1 2 0
0 13 0
1 20 0
1 20 0
0 8 0
0 9 0
0 18 0
1 1 0
0 2 0
0 0 0
1 6 0
1 4 0
0 9 0
0 0 1
1 3 0
0 11 0
0 17 0
1 3 0
0 1 0
0 9 0
1 5 0
1 19 0
1 7 0
1 10 0
1 7 0
0 7 0
1 19 0
1 6 1
1 9 1
0 18 0
1 17 0
0 7 0
0 14 1
1 18 0
1 14 0
1 15 0
0 10 0
0 3 0
1 19 0
1 11 1
1 17 0
1 20 1
1 11 0
1 4 0
0 6 0
1 11 0
1 2 0
1 0 0
0 6 0
1 6 0
0 13 0
0 3 1
1 11 0
0 10 0
1 16 0
0 7 0
0 12 1
0 4 0
0 2 0
1 19 0
0 11 1
1 0 0
1 13 0
0 3 0
0 0 0
17
0 15 0
0 15 1
0 9 0
0 20 0
0 5 0
1 15 0
1 18 0
1 9 0
0 4 1
1 4 0
1 10 0
0 19 0
1 1 1
1 19 0
1 10 0
0 6 1
1 2 0
63
1 14 0
0 12 0
1 20 0
0 16 2
0 14 0
1 4 0
1 15 0
1 4 0
1 8 0
1 3 0
1 16 0
0 7 0
0 20 1
0 15 0
1 15 1
1 5 0
0 14 0
1 14 0
0 20 0
0 19 0
1 13 0
0 3 0
0 12 1
1 1 0
0 1 0
1 5 0
1 9 0
0 7 0
1 16 0
0 17 0
0 7 0
0 6 1
1 20 0
0 2 0
0 17 0
1 3 0
1 17 0
1 3 2
0 14 0
1 2 0
0 2 0
1 9 0
1 13 0
0 18 0
1 13 2
1 3 0
0 4 0
0 16 0
0 5 3
1 13 0
1 4 1
1 7 0
1 9 0
1 7 0
0 19 0
1 15 1
1 19 0
0 7 1
0 17 0
0 4 0
0 13 0
1 1 0
1 1 0
57
0 6 0
0 4 0
1 17 0
0 19 0
1 16 0
1 9 0
1 1 1
1 1 0
0 1 0
0 9 0
1 13 0
0 2 1
1 16 0
0 20 0
1 6 3
0 0 0
0 9 0
0 0 0
1 12 0
0 15 1
0 8 0
0 6 0
0 5 0
1 16 0
1 3 0
1 12 0
0 2 0
0 2 0
0 4 0
0 16 0
1 12 1
0 16 0
0 20 0
1 15 1
0 20 0
1 17 0
0 5 1
1 5 0
1 18 0
1 19 0
0 20 0
1 12 0
1 19 1
0 11 0
1 14 0
0 19 0
1 11 0
0 6 0
1 2 0
1 14 1
1 10 0
1 5 0
0 19 1
1 3 0
1 20 0
0 16 0
0 16 0
23
0 19 0
0 10 0
0 5 0
1 0 0
0 10 0
0 16 0
0 12 0
1 10 0
1 2 2
1 3 0
1 8 1
0 5 0
1 15 1
1 17 0
0 14 0
0 12 0
1 19 0
0 3 0
1 3 0
1 0 1
1 0 0
0 10 1
0 3 0
14
1 18 0
1 9 0
1 0 0
1 2 1
0 20 0
1 15 1
0 8 0
1 5 0
0 18 0
0 9 2
1 0 0
0 4 0
1 13 0
0 4 0
66
1 10 0
0 2 0
0 0 0
1 13 0
1 11 0
1 6 0
0 12 0
0 9 0
0 12 0
1 11 1
1 6 0
0 1 0
0 0 0
0 10 0
1 0 0
0 12 0
0 8 0
1 19 0
0 13 0
0 5 0
1 2 0
1 1 0
1 13 0
0 18 0
1 9 0
1 10 0
1 11 0
0 2 0
0 16 0
1 9 0
0 12 0
1 1 0
1 10 0
0 1 0
1 20 0
0 10 0
1 3 0
0 2 1
1 6 0
1 20 1
0 19 0
1 1 0
0 17 0
1 10 0
0 3 1
1 16 0
0 4 0
0 2 0
1 2 1
0 0 0
1 12 0
0 0 0
1 8 0
0 16 0
0 20 0
1 19 0
0 19 3
0 0 0
0 2 1
1 17 0
0 5 0
1 1 1
0 7 0
1 16 0
0 17 0
0 14 0
62
0 7 0
0 1 0
1 13 1
0 0 0
0 18 0
1 9 0
1 5 0
0 6 0
0 12 0
0 18 0
1 20 1
1 0 1
0 14 0
0 5 0
0 19 1
1 20 1
0 16 1
0 7 0
0 6 0
0 7 0
0 5 0
1 12 1
0 11 0
1 2 0
1 10 0
0 1 0
1 1 1
0 18 0
1 20 0
1 3 0
1 10 0
0 17 0
1 0 0
0 3 0
0 9 0
1 11 2
1 0 0
0 19 1
1 6 0
0 5 0
1 3 0
0 10 0
1 9 1
0 20 0
0 15 0
1 15 0
0 17 0
0 3 0
1 18 0
1 16 0
1 2 0
1 5 0
0 10 0
1 18 1
0 19 0
0 7 0
0 5 0
1 15 0
0 9 0
1 3 0
1 9 0
1 1 0
18
0 18 0
1 9 0
1 3 1
1 3 0
0 13 0
1 17 0
0 20 0
1 11 0
0 2 0
1 16 0
0 6 0
1 6 1
0 7 0
0 1 0
1 20 0
1 16 1
1 6 0
0 1 1
26
1 11 0
1 3 0
0 19 0
1 5 0
1 0 4
0 0 1
0 20 0
0 13 2
1 17 1
1 0 0
0 14 0
1 9 0
0 18 0
1 5 0
1 5 0
0 2 0
0 3 0
0 12 0
0 18 0
0 15 1
1 14 1
1 15 1
1 0 0
0 5 0
0 8 0
0 3 0
54
1 1 2
0 11 0
1 9 0
0 12 0
1 17 0
0 2 1
0 13 2
0 5 0
0 14 1
1 1 1
0 3 0
0 7 0
0 1 0
1 20 0
0 9 0
1 4 0
1 4 0
1 12 0
1 1 1
0 16 0
0 6 2
0 12 0
0 13 0
1 0 0
1 18 1
1 16 2
1 20 0
1 13 0
0 16 0
0 15 0
1 13 0
1 17 0
1 18 1
0 6 0
0 14 1
1 4 0
0 3 0
0 0 0
1 13 0
0 18 0
1 16 1
0 16 0
1 5 2
0 17 0
1 19 0
0 15 1
1 12 0
0 5 0
0 1 0
0 14 0
0 8 0
0 7 0
0 6 0
0 10 1
50
1 13 0
1 0 0
0 3 0
0 8 0
0 5 0
1 20 0
0 0 0
0 18 0
1 6 1
1 16 1
0 2 0
0 19 1
0 16 1
1 16 0
1 14 0
1 1 1
1 19 0
1 12 0
1 1 0
0 17 0
1 14 0
0 19 0
1 1 1
0 15 0
1 11 0
1 12 0
1 10 1
0 20 0
1 13 1
1 5 0
1 12 0
1 3 0
1 11 0
1 7 0
0 7 0
1 15 0
1 15 0
1 14 0
0 5 0
0 19 1
1 1 0
0 13 0
1 16 0
1 6 0
1 12 0
0 3 0
1 4 0
1 3 0
1 12 0
0 14 0
30
1 10 0
0 15 0
0 5 0
1 11 0
1 0 0
0 1 0
1 20 0
0 0 0
0 12 0
0 17 0
1 20 0
1 8 0
0 6 0
1 8 0
0 2 0
1 11 1
0 19 0
1 11 0
0 17 0
1 8 0
1 1 0
1 16 0
1 8 0
1 8 0
1 17 0
1 17 0
1 1 0
0 9 1
1 16 0
1 0 0
50
0 15 3
1 1 0
1 6 0
0 6 0
0 8 0
0 17 4
1 5 0
0 12 0
0 9 0
1 17 0
0 12 0
0 4 1
1 7 0
1 14 0
1 15 1
0 0 3
1 15 0
1 12 0
1 15 0
1 10 0
1 17 0
0 3 0
1 17 0
1 18 0
1 1 0
0 8 1
0 20 1
1 8 0
1 14 1
0 12 0
0 20 0
0 16 0
0 6 0
0 9 1
1 16 0
1 7 0
1 10 0
0 9 1
1 5 0
1 0 0
1 17 0
1 11 0
1 11 0
1 2 0
0 14 0
1 11 1
0 13 0
1 10 0
1 16 0
0 15 2
30
1 5 0
0 19 0
0 10 0
0 5 0
0 13 0
0 13 0
0 8 0
0 13 0
0 7 2
0 19 1
1 9 0
0 3 0
1 2 0
1 17 0
1 20 0
1 12 0
1 19 0
0 20 0
0 7 0
1 8 0
1 9 0
0 8 0
1 9 0
1 11 0
1 20 0
0 14 0
0 7 0
1 17 1
1 20 0
0 18 2
57
0 16 0
0 6 0
1 14 0
1 17 0
1 6 0
0 13 0
0 5 0
0 6 1
0 6 0
0 3 1
1 0 0
1 9 0
1 4 0
0 3 0
0 15 0
1 0 0
0 16 0
1 1 0
1 12 1
1 19 0
1 20 1
1 5 0
1 7 0
0 19 0
1 5 0
1 17 0
0 5 1
0 4 1
0 10 0
1 19 0
1 3 0
0 17 0
1 16 0
1 19 0
0 2 0
0 1 1
0 20 0
1 10 0
0 7 0
0 20 1
1 5 0
1 11 0
0 16 0
0 3 0
0 6 0
1 0 0
0 5 0
0 16 0
1 3 0
1 16 0
1 14 1
1 7 2
0 19 0
0 11 0
1 10 0
0 12 0
1 8 2
23
1 9 0
0 12 0
0 3 1
1 6 0
0 18 0
0 5 0
1 2 0
0 4 0
0 0 1
1 7 0
1 11 0
0 0 0
1 6 0
0 6 0
1 15 0
0 7 0
0 8 0
0 12 0
1 12 0
1 0 0
1 12 0
0 1 1
0 14 0
68
1 9 2
1 19 0
0 9 0
1 4 0
0 1 0
0 20 0
0 16 0
1 18 0
0 18 1
1 10 0
1 16 2
0 2 1
1 17 0
1 16 0
0 15 1
1 18 1
1 10 0
0 19 0
0 3 0
1 3 0
1 17 0
1 0 0
0 8 0
0 4 0
0 12 0
1 13 1
1 13 0
0 20 0
0 16 2
1 19 0
0 7 0
1 4 0
1 20 0
0 16 2
0 1 0
1 19 0
0 13 1
0 11 0
1 0 0
0 11 0
1 5 0
1 17 0
0 19 1
1 1 1
1 11 1
1 17 0
1 17 0
1 19 0
1 20 0
0 10 0
0 5 0
0 9 0
1 14 0
1 20 0
0 18 0
1 2 0
1 11 0
0 3 0
1 12 0
0 18 2
0 16 0
0 2 0
1 7 0
0 9 0
0 12 0
0 14 0
1 16 0
1 16 0
12
1 17 0
0 9 0
0 19 0
1 18 0
1 17 0
0 10 0
0 9 0
0 20 0
1 10 0
1 9 0
1 7 1
1 20 0
77
1 20 0
1 13 0
1 0 0
0 2 0
0 9 0
0 6 1
1 8 1
0 4 0
1 15 0
0 10 0
1 11 0
0 16 1
0 5 0
1 13 0
0 2 2
1 16 0
1 12 0
1 6 0
0 12 0
0 16 0
1 19 0
1 16 1
0 13 1
0 20 1
0 13 0
0 3 0
0 6 0
0 6 0
0 3 0
1 10 1
0 16 0
0 1 0
0 12 0
1 14 0
1 5 0
0 4 0
0 3 0
0 15 1
0 3 0
0 2 0
0 13 1
0 2 0
0 11 0
0 0 0
0 4 0
0 16 0
1 2 1
0 1 0
0 12 0
0 11 0
1 5 1
0 0 0
1 11 0
1 4 2
0 14 2
0 19 2
1 10 0
1 12 0
1 16 1
0 3 0
0 7 1
1 17 0
0 9 0
1 8 0
0 3 0
0 6 0
0 11 0
1 16 0
1 17 1
0 9 1
1 8 0
0 0 0
1 16 0
0 12 2
0 3 2
0 11 0
1 8 0
3
1 5 0
0 18 0
1 10 0
55
1 3 0
1 16 0
1 14 0
1 5 0
1 20 1
1 7 2
1 5 0
0 19 1
0 13 1
1 1 0
0 16 0
0 6 1
0 4 1
1 1 2
1 19 0
1 20 0
0 9 0
0 13 0
0 19 2
0 17 0
0 15 0
1 15 0
1 6 0
1 5 0
1 11 1
1 9 0
0 1 0
0 9 0
0 17 0
1 18 1
1 5 0
1 1 0
0 16 0
1 19 0
0 8 0
0 3 2
0 20 0
0 9 0
1 19 0
1 18 0
1 0 0
1 10 0
0 10 0
0 17 0
0 7 0
1 2 0
0 4 1
1 18 0
0 19 0
0 1 0
1 11 0
1 7 0
0 8 0
0 4 0
0 15 0
25
0 6 0
0 13 0
0 18 0
0 19 0
0 10 1
0 8 0
0 9 1
1 1 0
0 19 0
0 5 0
0 10 1
0 0 0
0 10 0
1 15 0
1 15 0
0 17 1
1 20 0
1 8 0
1 4 0
1 3 0
1 9 0
1 2 0
1 10 0
1 8 0
1 0 0
75
0 10 1
0 20 0
0 0 0
1 7 2
0 8 0
0 4 0
1 11 1
0 17 0
0 10 0
1 12 2
1 19 1
0 15 0
1 5 0
1 12 0
1 14 0
1 15 0
0 9 0
1 5 0
1 11 0
0 12 0
1 8 0
0 10 0
1 8 0
0 0 0
1 9 0
1 16 0
1 7 3
0 11 0
0 4 0
1 14 0
1 0 0
0 14 1
1 11 0
0 9 0
1 3 0
0 18 0
0 18 0
1 10 0
0 18 0
1 19 0
0 14 0
1 10 0
1 20 0
0 3 0
1 11 0
1 2 0
1 10 0
1 11 1
0 5 0
0 2 1
0 13 0
0 13 0
1 16 0
0 18 0
1 4 0
1 1 0
1 6 0
0 8 0
1 12 0
0 10 0
1 11 0
0 17 1
1 10 0
1 13 3
1 12 0
0 14 0
0 18 0
1 12 1
0 6 0
0 14 0
1 16 0
0 4 0
0 10 0
0 18 0
0 8 0
5
0 14 0
1 19 0
0 13 0
0 10 0
0 1 0
46
0 2 0
0 4 0
0 18 0
0 1 0
0 20 0
1 6 0
1 20 0
0 14 1
1 8 0
0 12 0
1 8 0
1 20 1
0 3 0
0 0 0
1 19 0
1 20 1
0 13 0
0 2 0
0 4 0
1 6 0
0 2 0
1 7 0
0 3 0
0 0 0
1 12 0
0 1 0
0 19 0
0 19 0
1 3 0
0 4 0
1 7 0
0 19 0
1 16 0
1 19 0
0 6 1
1 18 1
1 13 1
1 11 0
0 2 0
1 1 0
0 2 1
0 18 0
0 10 1
1 16 0
0 16 0
1 6 0
34
1 17 0
1 20 0
0 6 1
1 10 1
1 0 0
0 3 0
1 15 0
1 14 0
1 19 0
1 17 0
0 19 0
1 20 0
1 4 0
0 11 0
1 11 1
1 2 2
1 2 0
0 1 0
0 16 0
0 13 0
0 19 0
1 1 0
1 13 0
1 19 0
0 6 1
0 9 0
0 12 2
1 3 0
1 15 0
1 20 0
0 11 1
1 6 1
1 19 0
1 1 0
63
1 15 0
0 14 0
1 6 0
1 19 0
1 20 0
0 19 0
1 3 0
0 4 0
1 17 0
0 1 0
1 9 0
0 2 0
1 11 0
1 6 0
0 17 0
0 17 2
1 11 0
1 4 1
1 12 0
0 12 0
0 10 1
0 13 0
0 6 0
0 1 0
0 14 0
1 3 0
0 5 0
1 9 0
0 19 0
1 8 0
1 5 0
0 11 0
1 6 0
0 12 0
1 6 0
1 12 0
0 1 0
0 15 0
1 2 0
0 17 0
1 16 2
0 15 0
1 11 0
0 0 0
1 3 0
1 14 0
0 0 0
0 13 0
1 1 0
0 15 0
1 0 0
0 5 0
1 17 0
1 1 0
0 19 0
0 18 0
0 14 0
1 20 1
1 4 2
1 0 0
0 4 0
0 3 0
0 13 0
17
1 16 0
0 20 1
1 9 0
0 5 0
1 17 0
1 11 0
1 7 0
1 18 1
1 0 0
0 15 0
1 0 0
1 15 0
1 6 0
0 15 0
1 9 0
0 1 0
1 19 0
5
0 20 20
1 20 20
0 20 20
0 20 20
0 20 20
75
1 20 0
0 20 0
0 20 0
0 20 0
1 20 0
1 20 0
1 20 0
0 20 0
0 20 0
0 20 0
1 20 0
0 20 0
1 20 0
0 20 0
0 20 0
1 20 0
0 20 0
0 20 0
1 20 0
0 20 0
1 20 0
1 20 0
0 20 0
0 20 0
1 20 0
0 20 0
1 20 0
0 20 0
0 20 0
1 20 0
0 20 0
1 20 0
0 20 0
0 20 0
1 20 0
0 20 0
1 20 0
0 20 0
0 20 0
1 20 0
1 20 0
1 20 0
0 20 0
0 20 0
0 20 0
0 20 0
0 20 0
1 20 0
0 20 0
0 20 0
1 20 0
0 20 0
0 20 0
1 20 0
1 20 0
1 20 0
0 20 0
0 20 0
0 20 0
0 20 0
0 20 0
1 20 0
1 20 0
0 20 0
0 20 0
1 20 0
1 20 0
1 20 0
0 20 0
0 20 0
0 20 0
0 20 0
1 20 0
1 20 0
1 20 0
51
0 7 0
0 3 0
1 15 0
0 15 1
0 18 0
0 15 0
0 17 0
1 7 1
0 17 0
1 8 0
0 16 0
1 9 3
0 4 0
0 0 0
0 8 0
0 15 0
0 17 1
1 6 0
1 10 0
1 14 0
0 9 0
0 3 0
0 17 3
1 5 0
0 6 0
1 2 1
0 1 1
0 2 0
1 2 0
0 19 0
0 10 0
1 9 0
1 6 1
0 20 0
1 5 0
1 3 0
0 5 0
0 16 0
1 9 0
1 13 0
1 9 0
0 10 0
1 13 0
1 5 0
0 9 0
1 9 0
1 4 0
0 2 0
1 2 0
0 3 0
1 14 2
29
0 18 1
0 0 0
0 19 0
0 7 0
1 5 0
0 15 0
0 1 0
0 3 1
0 9 0
1 7 0
1 20 0
0 9 2
1 7 0
0 8 0
0 5 0
1 14 0
0 5 0
1 14 0
1 0 0
0 11 0
0 13 1
0 0 0
0 16 0
0 19 0
1 9 1
1 14 0
0 19 0
1 5 0
1 17 0
78
0 7 1
0 2 0
1 6 0
0 13 0
1 13 0
1 12 0
0 18 0
0 19 1
0 7 2
0 3 0
0 7 0
0 10 1
0 11 1
1 6 0
1 18 0
0 4 0
0 5 0
1 18 0
0 16 0
0 3 0
0 9 0
1 13 0
1 4 0
0 12 0
1 17 0
0 18 0
1 12 0
1 13 0
0 13 1
0 9 1
1 3 0
0 9 0
0 8 2
1 2 0
0 13 0
0 10 0
1 8 0
0 12 0
1 9 0
1 13 0
0 2 0
1 12 0
0 7 0
0 6 0
1 17 0
0 9 0
0 11 0
0 12 0
1 9 1
1 1 0
1 5 0
1 0 0
1 15 0
0 19 0
0 15 1
1 10 0
0 14 1
1 10 0
1 9 0
1 18 0
1 8 0
1 17 0
0 3 0
1 17 0
0 16 0
1 3 0
0 19 1
0 15 2
1 4 0
0 2 1
1 8 1
1 2 0
0 10 0
1 14 0
0 10 2
1 9 0
1 14 0
0 17 0
2
1 20 0
0 7 1
10
1 18 1
1 20 0
1 3 0
1 6 1
1 9 1
0 8 0
0 17 1
0 20 0
1 7 0
1 9 1
70
1 3 0
1 2 0
0 10 3
1 19 0
0 10 0
1 5 0
1 17 0
1 14 0
1 9 0
1 4 0
1 13 0
1 1 0
1 12 0
0 6 0
1 19 0
1 9 0
0 14 1
1 6 0
0 17 1
1 17 0
1 12 0
0 6 0
1 2 0
0 3 0
1 18 0
0 20 0
0 5 0
0 16 1
0 15 2
0 10 0
0 12 0
1 5 1
1 5 1
0 8 0
1 17 1
0 19 0
1 13 0
1 11 0
0 2 0
0 7 0
0 15 0
0 11 0
1 0 0
1 6 0
0 3 0
1 12 0
1 12 0
0 7 0
1 9 0
0 17 0
1 19 0
0 3 0
1 8 0
0 19 0
1 1 0
0 6 1
1 7 0
1 5 0
0 16 0
0 14 0
1 19 0
0 18 3
0 1 1
0 1 0
1 5 0
1 0 0
0 1 0
1 8 1
1 10 0
0 3 0
25
0 20 20
0 20 20
1 20 20
1 20 20
1 20 20
1 20 20
0 20 20
1 20 20
0 20 20
0 20 20
1 20 20
0 20 20
1 20 20
0 20 20
1 20 20
0 20 20
1 20 20
1 20 20
0 20 20
1 20 20
1 20 20
1 20 20
1 20 20
0 20 20
0 20 20
55
1 20 20
1 20 20
0 20 20
1 20 20
0 20 20
1 20 20
1 20 20
1 20 20
0 20 20
1 20 20
0 20 20
1 20 20
1 20 20
0 20 20
1 20 20
1 20 20
1 20 20
1 20 20
1 20 20
1 20 20
0 20 20
0 20 20
0 20 20
1 20 20
0 20 20
1 20 20
1 20 20
1 20 20
0 20 20
1 20 20
0 20 20
1 20 20
1 20 20
1 20 20
0 20 20
0 20 20
1 20 20
0 20 20
1 20 20
1 20 20
0 20 20
1 20 20
0 20 20
0 20 20
1 20 20
0 20 20
1 20 20
0 20 20
0 20 20
1 20 20
1 20 20
1 20 20
1 20 20
0 20 20
1 20 20
20
1 20 20
0 20 20
1 20 20
0 20 20
1 20 20
1 20 20
1 20 20
0 20 20
1 20 20
1 20 20
1 20 20
0 20 20
1 20 20
0 20 20
1 20 20
0 20 20
1 20 20
1 20 20
0 20 20
1 20 20
60
0 20 20
0 20 20
0 20 20
1 20 20
0 20 20
0 20 20
0 20 20
0 20 20
0 20 20
0 20 20
1 20 20
1 20 20
1 20 20
1 20 20
1 20 20
1 20 20
1 20 20
1 20 20
0 20 20
1 20 20
1 20 20
1 20 20
0 20 20
0 20 20
1 20 20
1 20 20
1 20 20
0 20 20
1 20 20
0 20 20
1 20 20
1 20 20
1 20 20
1 20 20
1 20 20
1 20 20
1 20 20
0 20 20
1 20 20
1 20 20
1 20 20
0 20 20
0 20 20
0 20 20
1 20 20
1 20 20
0 20 20
1 20 20
1 20 20
1 20 20
0 20 20
0 20 20
1 20 20
0 20 20
0 20 20
0 20 20
0 20 20
0 20 20
0 20 20
1 20 20
35
0 7 1
1 2 0
1 13 2
0 5 1
1 5 0
0 16 0
0 7 1
0 14 0
0 1 0
1 15 1
1 0 0
0 3 0
1 5 0
1 14 0
1 8 0
0 3 0
0 13 0
0 12 0
1 14 0
1 10 0
0 17 0
0 17 0
0 19 0
0 19 0
1 16 0
1 6 0
1 13 0
0 3 1
0 11 0
1 14 0
1 9 0
0 14 0
1 3 0
1 1 0
1 3 1
45
1 18 0
1 14 0
0 7 0
1 9 0
0 14 0
1 3 0
0 4 3
0 11 0
1 8 0
1 5 0
0 3 0
1 6 0
1 0 0
0 18 0
0 5 0
1 17 0
0 12 1
0 19 0
0 1 0
1 13 0
1 0 0
0 10 2
0 15 0
1 13 0
1 10 0
0 4 0
1 5 0
0 14 1
1 8 0
0 5 2
0 12 1
0 5 1
1 14 0
0 18 1
0 1 0
0 15 0
0 0 1
0 0 0
0 20 0
1 1 0
1 13 0
1 15 1
1 11 0
1 1 0
0 17 1
30
1 12 0
0 13 0
1 5 0
0 18 0
0 1 1
0 8 0
1 13 0
1 11 0
1 2 0
1 14 0
0 11 0
1 1 0
0 19 0
1 6 0
0 20 0
0 9 0
0 18 1
0 3 0
1 1 0
0 19 0
0 7 0
1 10 0
0 9 0
1 20 0
0 13 0
1 10 0
0 5 0
0 18 0
1 5 0
0 9 0
50
1 8 0
1 1 0
1 2 0
0 2 0
1 17 0
1 17 0
0 9 0
0 18 3
0 18 0
1 5 0
1 4 0
1 0 0
0 16 1
1 6 1
1 16 0
1 0 1
0 13 1
0 19 1
0 9 0
1 14 0
1 10 0
0 17 0
0 17 0
1 2 0
0 16 0
0 7 0
1 13 0
1 5 0
1 13 0
1 3 0
0 17 0
0 6 0
1 5 1
1 13 0
0 19 1
0 4 2
0 20 2
0 20 0
0 12 0
1 16 1
1 6 0
0 11 0
0 9 0
1 1 0
0 14 0
0 10 0
1 3 0
1 5 2
0 16 0
0 15 0
10
0 1 0
0 11 0
0 18 0
1 17 0
0 20 0
1 12 2
1 13 0
1 9 0
1 19 0
0 19 0
70
1 15 0
0 19 3
0 13 0
0 9 1
1 1 0
1 20 0
1 7 0
1 14 0
1 11 0
1 9 2
0 19 0
0 4 0
1 9 0
1 11 0
0 13 0
0 4 0
0 7 0
1 19 0
0 16 0
1 8 1
1 6 0
1 9 0
1 15 0
0 5 0
1 14 0
1 11 0
0 8 0
0 16 0
1 1 0
0 16 0
1 8 0
0 1 1
1 11 0
1 18 1
1 5 1
0 13 0
1 20 0
1 15 0
1 2 0
1 15 0
0 17 0
0 10 0
0 6 0
0 14 0
1 13 1
1 2 0
0 8 0
1 11 1
1 8 0
1 7 1
0 8 0
1 13 0
0 16 1
1 13 0
1 12 0
0 20 0
0 13 0
0 5 0
0 17 0
0 15 2
0 7 0
1 18 0
0 19 0
1 13 0
1 13 0
1 15 0
0 7 3
1 3 0
1 18 1
1 3 0
10
1 20 20
1 20 20
1 20 20
1 20 20
1 20 20
1 20 20
1 20 20
0 20 20
0 20 20
1 20 20
70
0 20 20
0 20 20
0 20 20
1 20 20
0 20 20
0 20 20
1 20 20
1 20 20
0 20 20
1 20 20
0 20 20
0 20 20
0 20 20
1 20 20
0 20 20
1 20 20
1 20 20
0 20 20
0 20 20
1 20 20
0 20 20
1 20 20
1 20 20
1 20 20
0 20 20
0 20 20
1 20 20
0 20 20
0 20 20
1 20 20
1 20 20
1 20 20
1 20 20
0 20 20
1 20 20
0 20 20
1 20 20
0 20 20
1 20 20
0 20 20
1 20 20
1 20 20
1 20 20
0 20 20
0 20 20
1 20 20
1 20 20
1 20 20
0 20 20
0 20 20
0 20 20
0 20 20
1 20 20
0 20 20
0 20 20
1 20 20
1 20 20
0 20 20
0 20 20
1 20 20
0 20 20
1 20 20
0 20 20
1 20 20
0 20 20
0 20 20
0 20 20
0 20 20
1 20 20
0 20 20
48
0 12 0
1 4 0
0 11 0
1 20 0
1 7 1
0 9 0
0 12 0
1 8 0
0 10 3
0 5 1
1 3 1
1 6 0
0 2 0
0 20 1
1 7 0
1 12 0
0 2 0
1 18 0
0 7 0
1 20 3
0 9 0
0 0 0
1 7 2
1 14 0
0 3 1
1 19 0
1 13 0
0 1 0
0 1 0
1 17 1
0 9 0
1 19 0
1 1 2
0 6 0
0 2 0
1 11 0
1 11 0
0 9 0
0 16 0
1 11 0
1 0 0
1 9 0
0 5 0
0 20 1
0 8 0
0 0 0
1 19 1
0 9 0
32
1 3 0
1 16 1
0 9 0
0 19 0
0 16 0
1 7 0
1 2 0
0 19 0
1 3 0
0 18 0
1 6 0
0 0 0
0 16 0
0 5 0
1 9 1
0 11 1
0 11 0
1 17 0
0 19 0
1 19 0
1 11 0
0 15 0
0 9 1
1 11 2
0 9 0
0 18 0
1 10 0
1 15 0
1 5 0
1 17 0
1 3 1
1 10 0
14
0 14 1
0 17 0
1 10 1
1 0 0
1 1 0
1 6 0
0 8 2
0 9 0
0 1 0
1 12 0
1 2 0
0 4 1
0 8 1
1 3 0
66
0 9 1
1 9 1
0 8 1
1 14 1
1 2 0
0 16 0
0 15 0
1 4 0
1 17 0
1 4 0
1 1 0
1 7 0
0 11 0
0 15 0
0 16 0
1 6 0
1 8 0
0 14 0
1 9 0
1 10 0
0 15 0
0 19 0
1 4 1
0 10 1
0 11 1
1 2 0
0 17 0
1 5 0
1 11 1
0 4 1
0 13 0
0 0 0
0 19 1
0 15 0
1 13 0
1 10 0
0 4 0
1 15 0
0 8 0
0 20 0
0 9 0
0 11 0
0 11 0
0 2 0
1 3 2
0 19 0
0 9 1
0 10 0
0 18 0
1 4 0
0 6 0
0 0 0
0 17 1
1 5 0
0 10 0
0 5 0
0 20 0
0 9 0
0 13 0
0 17 0
1 15 0
1 12 0
1 3 0
1 12 1
1 12 0
1 4 0
10
1 20 20
1 20 20
1 20 20
1 20 20
1 20 20
1 20 20
1 20 20
1 20 20
1 20 20
1 20 20
70
1 20 20
1 20 20
1 20 20
1 20 20
1 20 20
1 20 20
1 20 20
1 20 20
1 20 20
1 20 20
1 20 20
1 20 20
1 20 20
1 20 20
1 20 20
1 20 20
1 20 20
1 20 20
1 20 20
1 20 20
1 20 20
1 20 20
1 20 20
1 20 20
1 20 20
1 20 20
1 20 20
1 20 20
1 20 20
1 20 20
1 20 20
1 20 20
1 20 20
1 20 20
1 20 20
1 20 20
1 20 20
1 20 20
1 20 20
1 20 20
1 20 20
1 20 20
1 20 20
1 20 20
1 20 20
1 20 20
1 20 20
1 20 20
1 20 20
1 20 20
1 20 20
1 20 20
1 20 20
1 20 20
1 20 20
1 20 20
1 20 20
1 20 20
1 20 20
1 20 20
1 20 20
1 20 20
1 20 20
1 20 20
1 20 20
1 20 20
1 20 20
1 20 20
1 20 20
1 20 20
21
1 3 0
0 9 0
0 3 0
1 12 0
1 3 0
0 5 0
1 15 0
1 8 3
1 0 0
0 3 0
0 18 0
0 16 0
0 1 0
0 17 0
1 1 0
0 4 0
1 2 0
0 13 0
0 2 1
1 20 0
0 11 0
59
1 0 0
0 2 1
0 4 0
1 15 0
0 0 0
1 4 0
0 13 0
0 18 0
1 4 0
1 0 0
1 16 0
1 1 0
0 7 0
1 5 0
1 6 0
0 0 0
0 5 0
1 3 0
1 1 0
0 4 0
0 0 0
0 19 0
0 0 0
1 18 0
0 13 0
1 9 0
1 3 0
0 3 0
0 20 0
1 1 0
1 3 1
1 8 1
0 9 0
0 15 0
0 9 0
1 11 0
0 0 0
1 3 0
0 15 1
0 19 1
1 3 0
0 4 0
1 1 0
0 19 0
0 17 0
0 6 0
1 19 0
0 1 1
1 10 1
0 11 0
1 18 1
0 10 0
1 13 0
0 9 1
0 7 0
0 6 0
0 20 0
0 9 0
0 1 0
43
1 11 0
1 4 0
1 3 0
1 20 1
0 2 0
0 6 0
1 11 0
1 15 0
0 11 0
1 18 1
0 4 0
1 7 0
1 16 0
1 6 0
1 19 0
0 5 0
1 8 0
1 13 0
1 17 0
1 13 0
0 14 1
0 13 0
1 11 0
0 17 0
0 19 0
1 8 0
0 19 0
0 11 0
1 6 0
0 16 0
1 3 0
1 2 0
0 20 1
1 3 0
1 15 1
1 3 1
1 15 0
1 11 0
1 2 0
1 16 0
1 2 0
0 16 0
0 14 0
37
1 5 0
1 1 1
1 13 0
0 7 1
1 7 0
1 1 0
1 4 0
0 3 0
0 17 0
1 16 0
0 3 0
1 1 0
0 18 0
1 12 2
1 19 0
0 15 0
0 2 0
0 4 1
0 20 0
1 20 0
1 12 0
0 10 0
1 7 0
1 15 0
1 11 0
1 1 0
1 5 0
0 7 0
1 9 0
1 3 0
1 19 0
0 5 0
0 18 0
0 2 0
0 8 0
1 10 0
1 14 0
38
1 6 0
0 6 0
1 1 0
1 14 1
1 18 1
1 12 0
1 12 0
0 10 0
0 0 0
1 7 0
1 10 0
1 15 1
0 0 0
0 0 0
1 20 0
1 1 0
0 4 0
0 11 0
1 19 0
1 0 0
1 3 1
0 10 0
1 17 0
1 4 3
0 5 0
1 3 0
0 13 0
1 10 0
1 14 1
1 8 0
1 14 0
1 1 0
0 18 1
1 10 0
1 8 0
1 10 0
0 4 0
1 11 1
42
0 4 0
0 9 0
1 20 0
0 14 0
1 0 0
1 3 0
0 19 0
0 1 0
1 15 1
0 2 0
1 3 0
1 16 0
1 12 0
0 18 0
0 16 0
1 7 0
0 14 0
0 14 0
1 2 1
1 12 0
1 10 0
0 9 0
1 19 1
0 20 0
1 3 0
1 5 0
0 14 0
1 13 0
1 9 0
1 11 0
0 0 1
1 14 0
0 16 0
0 15 1
0 8 0
0 0 2
1 18 0
0 10 0
1 10 0
0 13 0
0 8 0
1 3 0
80
1 20 20
1 20 20
1 20 20
1 20 20
1 20 20
1 20 20
1 20 20
1 20 20
0 20 20
1 20 20
0 20 20
0 20 20
0 20 20
0 20 20
1 20 20
0 20 20
1 20 20
1 20 20
0 20 20
1 20 20
1 20 20
1 20 20
0 20 20
1 20 20
1 20 20
0 20 20
0 20 20
1 20 20
0 20 20
0 20 20
1 20 20
0 20 20
0 20 20
1 20 20
0 20 20
0 20 20
1 20 20
0 20 20
0 20 20
0 20 20
1 20 20
1 20 20
0 20 20
1 20 20
0 20 20
0 20 20
0 20 20
0 20 20
0 20 20
1 20 20
0 20 20
1 20 20
1 20 20
0 20 20
1 20 20
0 20 20
1 20 20
0 20 20
0 20 20
1 20 20
0 20 20
0 20 20
0 20 20
1 20 20
0 20 20
1 20 20
1 20 20
1 20 20
0 20 20
0 20 20
1 20 20
0 20 20
0 20 20
0 20 20
0 20 20
0 20 20
0 20 20
1 20 20
1 20 20
1 20 20
0
16
0 2 2
0 15 0
1 18 0
0 19 0
1 12 0
0 17 0
1 9 0
0 20 0
1 11 0
0 1 0
0 10 0
1 6 0
1 1 0
1 11 0
0 12 0
0 17 0
64
1 3 1
0 12 1
0 0 0
0 1 0
0 3 0
1 11 0
1 16 0
1 15 0
0 12 0
0 7 0
1 8 0
0 11 0
0 7 0
1 5 2
0 7 0
0 4 2
1 18 1
0 1 0
1 6 0
0 13 0
0 20 0
0 12 0
1 5 0
0 5 0
0 5 0
0 9 0
0 11 0
1 16 0
1 8 0
0 12 0
0 6 1
1 13 0
1 16 0
1 1 0
1 4 0
0 8 0
0 6 0
1 5 0
1 1 0
1 4 0
0 8 0
1 8 0
1 9 0
0 2 0
0 17 0
0 6 0
0 20 0
1 13 0
0 0 0
0 8 1
0 19 1
1 10 0
1 17 0
1 5 0
0 5 0
0 19 2
0 19 0
0 0 2
1 14 0
1 11 0
1 20 0
1 9 0
0 18 1
0 15 0
43
0 20 0
0 18 0
1 3 0
1 4 0
0 20 0
1 1 0
0 10 0
0 7 0
0 5 0
0 14 1
1 5 0
1 5 0
1 10 0
1 8 0
1 19 0
0 7 0
1 12 1
0 6 0
1 8 0
0 15 2
1 16 0
1 5 0
1 10 1
1 6 0
0 4 0
1 14 0
1 20 0
0 1 0
0 10 2
1 1 0
0 20 0
0 4 0
1 2 0
1 2 0
0 11 0
0 3 0
0 5 0
1 3 0
1 2 0
1 11 0
1 1 0
1 17 0
1 19 1
37
0 1 0
0 16 1
0 5 1
1 19 0
0 16 0
1 8 0
1 20 1
0 5 0
0 13 0
0 6 1
0 12 0
0 2 0
1 11 0
1 11 2
1 14 0
1 8 0
1 1 1
0 17 0
0 20 0
0 19 0
1 11 0
0 19 0
0 5 0
0 10 3
1 8 0
1 4 0
1 9 0
1 13 1
0 5 0
0 16 0
1 1 0
1 11 0
1 5 0
1 5 1
0 19 0
1 1 0
1 8 0
26
1 19 0
1 11 0
1 2 0
1 15 0
1 10 0
1 16 0
1 6 0
0 20 0
1 18 2
1 6 0
1 14 0
1 9 1
1 16 0
0 20 1
0 0 0
0 10 2
1 5 0
1 14 0
1 3 0
1 9 1
0 4 1
0 13 0
0 6 0
0 2 0
1 3 1
1 20 0
54
0 0 0
1 16 0
0 6 0
1 9 2
1 9 0
0 14 0
1 8 0
0 14 0
1 9 0
1 16 0
1 2 0
0 1 1
0 1 0
0 16 1
1 6 0
0 18 0
0 20 1
0 9 0
1 0 1
0 8 0
1 8 0
0 0 2
1 18 0
0 19 0
0 7 0
1 0 0
0 1 0
0 6 0
0 3 0
1 16 0
0 3 0
1 8 0
0 1 0
1 10 0
1 8 0
1 8 0
0 18 0
1 13 0
0 16 1
0 11 0
0 13 0
1 19 0
0 3 0
0 8 0
0 19 0
0 14 2
1 6 0
0 6 0
1 14 0
0 6 0
0 17 0
0 4 0
0 14 0
1 4 2
35
0 17 0
0 6 0
0 11 0
0 1 1
1 4 0
0 4 0
1 6 0
0 1 0
1 18 0
0 12 0
0 12 0
1 19 0
1 7 1
0 16 0
1 11 0
0 8 0
1 16 0
1 15 0
0 11 0
0 16 0
0 10 0
1 6 0
1 11 0
1 8 0
1 14 0
1 17 1
0 3 0
0 13 0
0 12 1
0 4 0
0 7 0
0 6 1
0 20 0
0 2 0
1 3 0
45
0 19 0
1 10 1
0 6 1
0 6 1
0 7 0
0 16 0
0 9 0
1 14 0
0 20 3
0 1 0
1 14 0
1 5 0
0 5 2
1 10 0
0 19 0
1 19 0
1 8 0
0 8 0
0 18 0
0 13 1
0 7 1
1 10 0
0 0 0
1 12 1
1 18 2
0 8 0
1 19 0
1 12 0
1 7 0
0 5 0
0 13 0
1 9 0
0 0 0
0 15 0
1 13 0
1 1 0
1 20 0
1 5 0
0 17 0
0 3 1
1 19 0
1 4 0
1 18 0
1 5 2
0 17 0
10
0 20 20
0 20 20
0 20 20
0 20 20
0 20 20
0 20 20
0 20 20
0 20 20
0 20 20
0 20 20
70
0 20 20
0 20 20
0 20 20
0 20 20
0 20 20
0 20 20
0 20 20
0 20 20
0 20 20
0 20 20
0 20 20
0 20 20
0 20 20
0 20 20
0 20 20
0 20 20
0 20 20
0 20 20
0 20 20
0 20 20
0 20 20
0 20 20
0 20 20
0 20 20
0 20 20
0 20 20
0 20 20
0 20 20
0 20 20
0 20 20
0 20 20
0 20 20
0 20 20
0 20 20
0 20 20
0 20 20
0 20 20
0 20 20
0 20 20
0 20 20
0 20 20
0 20 20
0 20 20
0 20 20
0 20 20
0 20 20
0 20 20
0 20 20
0 20 20
0 20 20
0 20 20
0 20 20
0 20 20
0 20 20
0 20 20
0 20 20
0 20 20
0 20 20
0 20 20
0 20 20
0 20 20
0 20 20
0 20 20
0 20 20
0 20 20
0 20 20
0 20 20
0 20 20
0 20 20
0 20 20
8
1 3 0
1 0 0
1 5 0
0 18 0
0 9 0
1 1 1
1 6 0
1 7 1
72
0 18 0
0 0 0
1 5 1
0 6 0
0 15 0
1 4 0
0 15 0
0 13 1
0 0 0
1 19 0
1 18 1
0 15 0
1 7 0
0 19 0
1 8 0
1 9 0
0 19 0
0 12 2
1 2 0
1 20 0
1 13 1
0 10 0
0 4 0
1 13 0
1 10 0
1 10 0
1 16 0
1 6 0
0 13 0
1 9 0
1 9 0
1 17 0
0 1 0
1 0 0
1 16 3
0 5 0
0 4 0
1 19 0
1 6 0
1 18 0
0 14 0
0 5 0
1 2 0
0 2 4
0 17 0
0 19 0
0 0 0
0 16 0
0 13 0
0 14 0
1 11 1
0 12 0
1 10 0
0 2 0
0 15 0
1 18 0
1 1 0
0 19 0
0 19 0
0 1 0
1 4 1
1 1 0
0 13 0
1 12 0
1 15 1
1 5 0
1 16 0
0 6 0
0 1 0
1 2 0
0 16 0
1 20 0
66
1 4 0
1 0 2
0 5 2
0 15 0
1 0 0
1 4 0
1 9 0
1 2 0
0 5 1
0 1 0
1 5 0
0 12 0
0 2 1
1 5 0
1 13 0
1 1 0
1 5 1
1 11 0
1 10 0
0 20 1
0 20 1
0 5 0
1 1 1
1 19 0
1 14 0
0 11 0
1 7 1
0 2 1
0 18 0
0 2 1
1 9 0
0 17 0
1 3 0
0 9 0
1 16 1
1 13 0
1 19 0
0 6 0
1 13 0
0 9 2
0 18 0
0 20 0
0 20 0
0 15 0
0 7 0
0 11 0
1 1 0
1 11 0
1 17 0
0 5 2
1 5 0
0 12 2
1 2 0
0 17 0
0 7 0
1 16 2
0 7 0
1 19 3
1 3 0
1 20 0
1 5 0
0 2 0
1 8 2
0 2 0
1 15 0
0 13 0
14
0 5 0
1 11 0
0 11 0
0 2 2
0 9 0
0 12 0
1 11 0
0 19 2
0 6 0
1 6 0
0 6 0
1 4 0
1 18 0
0 13 1
80
1 15 0
0 6 0
0 6 0
1 12 0
0 18 0
0 5 0
0 3 0
0 8 0
1 5 0
1 18 0
0 13 1
1 14 0
1 1 0
1 1 0
0 12 1
1 8 0
0 7 0
0 3 0
1 9 1
0 4 0
0 5 0
0 15 1
0 11 0
1 12 0
0 17 0
0 18 1
0 20 0
0 9 0
0 15 0
0 6 0
0 16 0
0 7 0
0 13 0
1 9 0
1 13 1
0 16 0
0 4 1
1 2 0
1 8 0
0 9 0
1 17 0
0 6 1
0 6 0
0 7 0
1 1 0
0 3 0
1 13 0
0 15 0
1 1 0
0 17 1
1 8 2
1 3 1
1 16 1
0 7 0
1 1 0
1 15 0
1 8 0
1 11 0
0 4 0
1 0 0
1 6 0
0 11 0
1 3 0
1 6 1
0 5 2
0 6 0
0 9 0
1 7 0
0 13 0
0 8 0
0 19 0
1 6 1
1 15 0
0 7 0
1 15 0
1 4 0
1 1 0
1 19 0
0 4 1
1 18 0
0
10
1 20 20
1 20 20
1 20 20
1 20 20
1 20 20
1 20 20
1 20 20
1 20 20
1 20 20
1 20 20
70
1 20 0
1 20 0
1 20 0
1 20 0
1 20 0
1 20 0
1 20 0
1 20 0
1 20 0
1 20 0
1 20 0
1 20 0
1 20 0
1 20 0
1 20 0
1 20 0
1 20 0
1 20 0
1 20 0
1 20 0
1 20 0
1 20 0
1 20 0
1 20 0
1 20 0
1 20 0
1 20 0
1 20 0
1 20 0
1 20 0
1 20 0
1 20 0
1 20 0
1 20 0
1 20 0
1 20 0
1 20 0
1 20 0
1 20 0
1 20 0
1 20 0
1 20 0
1 20 0
1 20 0
1 20 0
1 20 0
1 20 0
1 20 0
1 20 0
1 20 0
1 20 0
1 20 0
1 20 0
1 20 0
1 20 0
1 20 0
1 20 0
1 20 0
1 20 0
1 20 0
1 20 0
1 20 0
1 20 0
1 20 0
1 20 0
1 20 0
1 20 0
1 20 0
1 20 0
1 20 0
48
0 0 0
1 11 0
0 20 0
0 20 1
1 12 2
1 18 0
1 3 1
1 14 0
0 10 0
1 3 0
0 1 0
0 18 0
1 13 0
0 1 0
0 3 0
0 20 1
0 1 0
0 17 0
1 4 0
1 7 1
1 7 0
1 17 0
0 10 0
0 15 0
1 8 0
0 7 0
0 18 0
0 19 0
1 8 0
0 20 0
0 12 0
0 0 0
0 11 0
1 14 1
1 15 0
1 12 0
1 17 0
0 0 0
1 3 0
1 4 0
0 0 1
0 0 1
1 3 0
0 8 0
1 11 0
0 6 0
0 9 0
0 3 0
32
0 6 0
0 2 0
0 10 0
0 11 0
1 14 1
1 17 0
0 11 0
1 12 0
1 5 0
0 9 2
0 1 0
1 16 0
1 8 0
0 4 0
0 19 1
1 16 0
0 13 0
0 8 0
1 7 1
1 3 0
1 19 1
1 5 0
0 3 0
0 10 0
1 12 0
1 4 0
0 10 0
1 12 0
0 15 0
0 17 0
1 10 1
1 13 0
15
0 20 20
0 20 20
0 20 20
1 20 20
1 20 20
0 20 20
1 20 20
1 20 20
1 20 20
1 20 20
0 20 20
1 20 20
1 20 20
0 20 20
1 20 20
65
0 20 20
1 20 20
0 20 20
1 20 20
1 20 20
1 20 20
0 20 20
0 20 20
1 20 20
0 20 20
1 20 20
0 20 20
0 20 20
1 20 20
0 20 20
0 20 20
0 20 20
1 20 20
0 20 20
1 20 20
0 20 20
1 20 20
1 20 20
1 20 20
1 20 20
1 20 20
0 20 20
0 20 20
1 20 20
0 20 20
1 20 20
1 20 20
0 20 20
0 20 20
1 20 20
1 20 20
1 20 20
1 20 20
1 20 20
0 20 20
0 20 20
0 20 20
0 20 20
1 20 20
1 20 20
0 20 20
1 20 20
1 20 20
1 20 20
0 20 20
1 20 20
0 20 20
0 20 20
0 20 20
0 20 20
1 20 20
1 20 20
1 20 20
0 20 20
0 20 20
1 20 20
1 20 20
0 20 20
1 20 20
0 20 20
78
1 10 0
0 5 1
0 20 0
1 9 0
0 18 0
0 19 1
0 15 0
1 18 0
0 17 0
1 4 0
1 8 0
0 1 0
0 7 0
0 18 0
0 18 2
1 0 0
0 5 0
1 20 1
1 16 0
0 2 0
0 15 0
0 1 0
0 16 0
1 14 1
0 0 1
1 14 0
1 13 0
0 13 1
0 7 0
0 10 0
1 14 0
0 0 0
1 6 0
1 14 0
1 2 0
1 9 2
0 15 0
0 8 1
1 14 0
1 10 0
1 12 0
1 3 0
0 14 1
1 2 1
1 3 0
1 7 0
0 7 0
0 1 0
0 4 0
0 9 0
1 0 0
1 1 0
1 13 0
1 16 0
1 11 0
1 9 0
1 20 0
0 16 2
0 17 0
0 5 0
1 17 0
0 13 0
1 1 0
0 11 0
0 18 0
1 3 0
1 6 0
1 13 0
0 0 0
0 2 0
1 1 0
0 1 0
0 14 1
1 16 0
1 12 1
1 6 0
1 4 0
0 7 0
2
1 5 0
0 17 0
76
1 5 0
1 5 0
0 2 0
0 0 0
0 16 1
1 17 0
1 2 0
1 3 1
0 7 0
0 6 0
1 11 1
1 13 0
0 10 0
1 15 0
1 13 0
0 0 0
0 8 0
0 16 0
1 6 0
0 8 1
1 11 0
1 5 0
1 6 0
0 10 0
1 7 0
0 20 0
1 3 0
0 17 0
1 11 1
1 14 0
1 2 0
0 3 1
0 7 0
0 12 0
1 1 0
1 8 0
0 20 0
1 20 0
0 4 0
1 13 0
1 9 0
1 13 0
0 7 0
1 8 0
1 18 0
0 13 0
0 16 0
1 0 0
1 3 0
0 6 0
0 20 0
1 9 0
1 12 3
1 16 0
0 9 1
1 11 0
1 13 0
0 18 0
1 7 1
0 8 1
0 6 2
0 12 0
1 0 3
0 15 0
0 17 1
1 10 0
0 2 0
1 0 2
0 12 1
0 13 0
1 20 2
1 15 1
1 7 0
0 19 0
0 5 0
1 12 0
4
1 1 1
0 15 1
1 2 0
0 11 0
22
1 8 0
0 16 0
0 18 1
1 2 0
0 7 0
0 4 1
1 16 1
0 0 0
1 18 1
1 13 0
1 9 1
0 6 1
0 0 0
1 7 0
1 4 0
0 8 0
1 13 0
1 0 0
1 13 0
1 10 0
1 0 0
0 14 0
58
1 14 0
0 4 1
0 8 0
0 8 0
0 17 0
1 15 2
1 15 2
0 18 0
0 11 0
1 1 0
0 16 0
0 17 0
0 0 1
0 4 0
1 18 0
0 12 0
0 20 1
0 11 3
0 18 0
1 20 0
0 8 0
0 1 0
1 12 0
0 12 0
0 6 0
0 11 0
1 20 2
0 16 0
0 19 0
0 9 0
1 19 1
1 20 0
0 14 0
0 19 0
1 11 0
1 0 0
1 6 0
0 12 0
1 15 0
1 13 1
1 4 4
0 6 0
0 9 1
0 1 0
1 12 1
0 5 3
0 19 0
1 7 0
0 13 0
1 9 0
1 9 0
0 18 0
1 1 0
0 1 0
1 7 0
1 17 0
0 17 2
0 19 0
