10
878068
89 462859 84585 554409 358449 641974 583332 424116 209486 255216 560959 544986 21007 229731 150353 720698 816907 396443 218011 236789 563886 91435 144297 2980 408634 790418 432912 188653 481354 461110 644261 65332 316580 121458 12353 67640 763431 595684 491756 94848 243511 174646 32445 264517 675056 182797 107147 613894 849919 595837 243294 535737 79883 658270 809396 759197 570619 634919 69781 444585 217960 106654 780596 805220 228111 185560 872859 384153 781243 757226 749680 417366 324483 782124 681882 121470 357532 181640 127976 600062 170088 641949 528410 249971 692831 459737 401779 385381 487267 471559
988107
92 419139 868369 719755 600885 390926 157171 923666 959641 161430 665603 97034 407329 120510 726906 94112 700723 618991 842532 394261 510588 626456 830436 274653 240550 517812 322062 746866 771040 404764 858670 449287 823902 411795 180934 109543 802720 10967 45101 774253 833366 710703 544149 252588 504075 943918 19562 216690 574801 862093 283813 758252 173305 126141 44797 413854 316815 366858 833582 99748 444484 704144 221897 280279 127831 402830 389821 930550 86659 107784 389559 920024 491349 606570 184504 7316 562380 204065 884975 810044 78051 180680 580188 251355 967791 297847 338071 296498 337567 844515 396245 782051 560551
1000000
100 394988 799134 40642 318579 458592 600764 850899 522455 309872 995675 728502 60457 966513 688295 649129 197784 400100 177337 855965 452209 864464 247264 445528 287245 821065 956325 717120 260988 939055 837477 227326 334042 636611 784320 168972 611554 385083 19870 134008 211306 15544 862509 271762 982056 550804 437242 696191 467255 614578 552156 435815 479042 315771 881343 282638 136835 354019 999757 397822 809425 837234 141500 143466 990196 925819 828789 601749 827253 848658 252108 38558 380553 114617 310320 878960 181772 747561 575151 649026 878491 643658 84840 873884 959428 482534 156521 96262 836552 672630 10436 645976 26215 668287 305793 16410 594105 134581 134510 937709 499590
944244
97 227590 336053 126985 529650 353200 34714 418360 50545 654772 21437 770129 897635 411180 870258 717427 701381 882710 930248 543584 869473 704018 105938 225222 275387 626026 739386 511664 83578 922260 562445 689900 205605 898497 544092 735254 34661 578805 880821 85205 289332 902257 582541 914174 96400 508555 414565 797781 174228 400568 397120 99456 831794 230266 51885 834388 856291 791271 401808 667077 496494 691460 139940 702098 645712 684031 220316 407580 318592 156892 219993 335131 786357 802533 32269 882756 366843 446833 736292 541070 847400 860620 367734 462157 146641 146826 352301 730139 665304 754108 452971 217553 501323 320118 919651 874242 59905 867174
859764
97 332678 157755 658368 385943 501589 403064 676580 432668 72045 449607 678298 105446 62603 197682 376927 199302 38095 46267 803047 235543 390848 408322 339532 806559 309514 11484 214239 587958 835308 632312 348818 515045 790066 354246 248047 638715 757309 64862 418442 176413 721293 443799 281859 783895 848305 5845 123432 26635 258935 273539 469002 856607 28920 155593 150461 338434 167076 364699 66627 349443 137246 622269 211547 274372 116750 459593 260146 221118 731279 678587 604355 592807 262621 26449 723761 251161 239117 194253 484620 704876 674615 93857 701718 703534 456273 852178 389027 623348 563937 662478 319850 701182 424982 531396 322613 748555 131224
993321
75 275192 987510 565355 828907 274795 757782 544945 185479 950312 654554 626455 800331 290199 455863 285669 462573 271879 496417 515512 598193 193887 229931 221895 809 659679 308441 38994 61820 302987 630137 612779 578178 624325 261166 490117 975473 101980 118094 167631 58970 772648 870439 935654 145879 332980 228002 608452 681212 800772 130642 286084 1337 436927 507978 2145 103284 892772 117492 165103 202437 747629 854235 856968 378632 122079 353763 360784 224059 548211 604768 359382 327537 481885 301715 549769
967405
85 523953 358826 183671 841472 608192 203444 257169 388352 184485 315336 173061 910154 142367 315807 520501 820328 676602 415047 779842 553826 800900 196399 386938 739248 836626 852600 166593 942126 683778 146440 604748 240325 505265 943870 114392 301504 179908 371560 845307 364392 842347 50962 462592 17309 522220 15687 25683 231416 430733 960977 940693 264228 189970 360225 191522 214642 245419 358114 189362 929197 660005 949561 357568 197865 114072 627411 654820 293979 187018 532721 813822 61959 739134 309008 234719 293949 480146 415854 680816 98926 409425 654104 518605 599394 202375
920467
100 887056 752545 578150 747344 611131 379782 408603 477219 721699 589408 904801 233178 455556 336957 444190 450962 5570 436609 832517 420027 485434 907184 169515 889316 480408 816032 802969 517727 229539 832637 307791 161990 630577 851803 875197 321240 276981 363332 764321 78212 32272 748655 277252 453691 131007 687305 870515 136576 203446 782564 522466 654743 769281 691980 623591 295084 553407 506092 812810 782945 384124 165996 910797 94233 63194 865526 381336 340174 308390 191052 384249 306525 905569 627363 726078 116109 394200 676125 252684 563509 504085 741012 263647 318761 512524 887237 613844 145463 438725 472049 894270 822848 638044 884600 882944 701237 795521 309675 120944 149307
884316
100 819444 77585 527070 317658 660116 842524 19222 249111 419102 387101 586148 358448 577904 673137 784738 476207 431033 873445 424025 87676 221833 318934 876542 174499 299143 335320 183220 555681 51991 20660 428591 871434 98244 591260 824692 758360 549468 479513 643070 604169 866614 344901 78300 560201 133721 498637 672008 564753 123365 211716 288029 345198 166249 280254 519696 465391 251174 702915 656672 303164 359175 720862 810197 457418 427806 386172 851377 612873 865685 610130 332725 847982 590630 46624 159466 724351 545261 831473 40387 668625 158872 328415 649422 845037 244269 284802 426111 495442 103400 718382 434205 462574 554928 880001 555592 618333 17457 158252 346889 883141
995058
92 176572 928003 425024 602018 112585 42896 67122 526933 232562 626507 155824 221516 15339 114351 406356 842436 82630 519638 99245 811510 685391 49269 656235 17180 917349 692124 42233 20533 599203 789280 618160 627290 573740 894699 85765 686324 937594 152886 69714 175098 630908 225537 248129 646246 191404 654484 493623 274033 179063 444384 937058 715970 493652 598235 584665 415942 295300 478414 287990 746018 272635 906149 378250 846374 805790 464014 389155 599841 616900 310384 626454 252749 535921 874582 750511 727324 534007 100591 852872 564586 396490 794871 137013 890142 249563 721677 162541 544863 205032 302047 147338 329182
