100
4157
74 535 1131 3757 3026 999 3416 2852 828 958 1100 1394 1783 1789 1897 2005 137 3722 560 1310 4048 423 1616 3775 2255 1243 4049 150 4107 1220 2976 1369 1754 4107 968 2390 2715 226 1084 3542 2950 2183 2546 2342 1581 285 190 3484 1616 749 636 1506 2939 2251 2890 1036 1103 391 2953 1053 1611 3538 2421 974 1097 998 3363 3812 2990 2056 806 1782 81 3351 4124
4549
88 1739 3396 3111 151 833 1154 4232 1297 2752 2604 669 2328 3462 3207 181 3546 2816 4157 8 932 1870 3171 3338 3169 3142 2106 3646 886 2676 1518 3001 3588 4087 1562 2912 371 1890 1769 841 92 4372 1509 1593 2458 3890 1773 1454 1330 1381 636 2261 2424 2980 224 217 1572 2329 3036 1631 4179 3727 83 2391 3264 818 754 2808 1881 1696 3649 1146 1518 608 2738 3976 4497 3685 54 1277 516 689 2712 2113 3669 2935 1503 4414 714
4237
81 3586 3137 1069 2432 2588 1731 3623 4081 2249 1594 269 3336 1279 4089 2610 2156 1590 3227 176 1638 1871 3252 2396 2561 1162 738 477 1182 1787 678 141 2805 1246 2878 999 3834 372 2053 1109 52 1078 3046 3387 2356 2898 1759 1943 1919 748 2119 3556 50 2802 3383 2610 1395 4120 518 2576 3339 1196 148 1906 4110 3026 2904 3706 3397 2388 2247 3448 3466 1055 29 1584 1384 1787 959 3303 4203 3077
4318
85 79 4215 886 244 2770 1721 951 2167 2955 4184 3087 607 650 2065 491 427 3018 61 2538 3749 4287 246 3814 4034 3212 1775 4313 160 1647 3193 2677 1972 3090 3808 2461 1787 1210 3657 3953 92 3768 2721 698 99 714 1434 772 3977 1740 3309 3407 1709 3800 2903 1670 2693 359 1664 2852 2252 785 1456 151 4120 945 2611 1588 2401 2196 1468 2492 1645 117 3436 1990 830 797 2761 488 2537 1997 4140 173 1724 2724
3638
94 1302 2842 964 1417 1443 1190 2205 16 1264 1777 3457 1619 3457 761 2710 1520 1547 2814 103 3036 2469 3595 549 3315 3019 3423 1917 1407 2539 2000 3506 202 1203 832 266 2645 669 1118 1309 1932 2894 3413 3551 1361 535 2622 2880 729 445 1631 2412 2913 1587 2961 1238 3253 2745 3154 3307 1645 1515 1823 494 2717 1302 760 372 1970 525 1680 264 3419 1454 176 3427 636 2797 1316 12 1890 2946 2424 1164 3181 1746 1049 2795 852 564 1112 1145 2078 2934 1638
1816
96 1776 783 560 1482 403 772 1265 696 857 1206 110 1307 1544 174 1793 703 163 1595 647 1678 925 196 1548 374 1624 1026 1680 214 1467 1499 726 1338 466 1286 1003 780 241 364 1387 1009 1569 1409 411 1208 1582 299 94 1745 1805 740 1518 913 847 1249 1199 655 458 974 780 20 656 1505 1358 1033 974 456 1724 1214 819 1295 318 483 887 640 1690 564 939 1695 492 927 619 106 1752 1377 1354 1134 215 1724 291 994 1743 858 683 1284 1803 1656
4848
89 287 4327 3924 1511 2698 2783 3994 3185 662 394 1651 2083 3332 4045 4416 3454 1870 1138 4466 4622 2945 4603 3490 302 1627 1947 3489 1545 3192 1074 3367 4454 553 2443 2092 3250 1353 1237 2563 2014 1631 4213 224 1090 4385 4639 4543 1407 928 4161 2156 1 43 1773 302 1669 3719 3790 3213 3038 15 1732 3619 1543 302 863 921 1654 3075 3483 4643 833 2847 994 1922 2384 1760 2593 4766 3664 2881 3049 3664 2923 4821 93 4591 4667 3882
4412
100 1693 662 870 1967 1020 2379 896 711 735 1651 711 3601 3180 1543 518 730 4170 422 3269 1920 1478 4336 3676 446 452 1836 152 3742 2656 4275 4263 4344 520 716 1899 1539 3090 2790 2245 3824 28 2955 3008 3207 82 3525 3932 4247 3946 2785 1755 1011 2704 1018 1453 3155 2853 1600 2481 1092 1462 2327 1020 1977 3042 2918 3515 1715 1291 1343 1126 1319 4298 4129 109 4379 3241 4041 4209 2770 2413 1551 3776 700 2564 816 3854 1005 2416 1922 2092 3873 4248 3111 1438 2873 1612 536 171 2903
4419
99 1651 387 4027 2201 3456 2258 1926 3859 3269 4063 781 4359 2265 1269 903 2093 4333 2021 4242 2801 641 2389 3841 3812 3478 4112 1718 1285 4066 4209 1457 1297 282 1064 3604 3844 3321 1216 3283 2276 859 4170 2322 3230 1125 3224 1009 1144 825 938 3944 1571 3326 3472 1069 2385 3164 2786 3775 2811 2682 812 4213 3069 1981 3397 2493 989 193 1463 3370 1158 1213 1272 74 2443 76 1188 3587 1006 2125 3217 2577 1032 2269 3645 3522 1014 2118 2877 3824 380 3794 3617 3448 1355 2701 1522 2449
4939
96 1811 4851 547 1377 1943 1622 2165 4583 2745 3408 635 2759 1263 4715 1518 4769 1102 3976 104 2606 4595 2723 2883 3736 4032 1568 1417 4796 1302 1484 4735 3112 1395 342 4488 3338 454 204 1472 3198 2102 598 4448 3365 3803 4456 1685 4905 3493 279 1062 3148 1493 3944 1945 585 4002 3361 3872 364 3335 3667 1966 4730 4008 5 1619 4461 3639 1581 1211 801 2178 4149 4165 1042 3665 4341 4437 2218 3110 3989 427 4602 1484 2371 248 546 4222 2610 4339 2617 1337 1365 898 3835
4815
98 1924 1722 256 1515 4554 4090 2986 302 2739 521 4719 3923 2384 301 669 2982 3378 2895 1809 561 4453 1736 3251 4163 1636 491 1326 3485 2213 3066 1190 859 1509 1445 3910 1247 2257 2080 3085 180 4138 2989 824 3243 11 3029 1410 3389 1108 3218 671 2283 1676 3922 3167 3311 1134 4492 1980 3346 4279 4706 926 2509 1335 20 3755 3591 2100 3561 492 1422 1734 2852 4664 3282 1066 2795 1855 3710 1198 4062 1177 4410 4705 4343 4442 1023 741 3143 1091 204 3033 2016 4249 1089 3573 3188
4790
100 1890 4250 2736 3133 560 4466 3300 1144 3688 4307 849 3910 4408 2165 4697 2555 636 660 1316 4377 762 3389 1565 4605 521 2089 1377 4126 2452 349 2287 4341 2491 232 575 942 4698 3875 2085 1487 3391 2933 3288 900 2989 1086 3455 3624 1745 2662 1103 399 3942 559 213 4463 2647 1589 3798 308 4620 1294 2540 212 4207 3115 1153 4114 91 1129 3493 1373 4061 1990 165 151 3076 1511 1666 30 2064 660 428 1215 1218 3322 887 3865 2803 2576 2064 2632 1761 4604 735 1178 820 1887 501 3592
4344
100 2904 2390 3586 263 219 3120 2167 2152 987 2673 450 4027 375 1491 3637 3110 1067 3253 1731 3050 2677 1243 2625 151 1911 341 1685 3769 2654 3063 1432 29 1109 3834 291 143 2609 1273 1111 2411 2761 1560 910 3136 1867 202 1901 2933 2270 2448 454 3762 3690 3078 3912 73 2234 68 2657 543 1946 4089 3731 1870 2394 2838 2013 3818 4110 1939 1885 2527 3498 2794 134 1020 1811 850 2768 4080 3297 2037 3497 1459 3930 1880 1531 1819 763 4187 1177 2708 2747 564 234 796 2217 1062 270 1982
4262
98 3567 1921 3699 3489 1748 232 761 1456 2379 1477 1738 904 3410 1519 536 1659 3289 1227 1120 118 360 3647 1464 2857 3253 93 592 1917 1045 2614 3017 349 2040 4221 1344 1293 191 3872 2748 75 1087 1992 978 234 3510 1514 1892 2536 246 517 2653 605 4164 1623 968 660 3483 1559 82 266 1678 3098 614 3718 563 3725 748 2521 3335 1002 2595 159 2993 1079 392 4008 98 4052 2282 343 306 2440 2715 1975 1568 3682 140 789 979 222 1054 162 825 3435 3879 1387 404 2133
4866
85 1179 396 1940 2672 2563 2971 3952 772 502 1492 2375 2371 3845 1964 942 1519 1997 957 2853 4438 1006 3587 1676 2741 1502 1544 2101 2259 13 2233 719 1192 2628 2659 2799 4126 763 1884 3833 201 3375 1341 1507 1289 3304 2448 2807 435 3404 4595 6 4409 3316 617 1220 3753 2160 3320 1146 2173 686 800 2300 2249 3458 232 444 3157 1051 4276 2293 4425 750 3799 847 2989 316 2590 3423 2655 1254 2365 1134 4569 2981
4326
95 2823 4191 2680 2176 1974 80 1153 458 2495 3888 3825 1346 2482 2559 1142 613 2867 2371 1767 1955 2874 1098 2976 628 2286 485 2494 1711 372 2492 584 2184 2356 3263 34 3320 2332 1186 3777 501 4063 3275 1846 2218 498 1977 1821 3364 22 2577 4309 1885 2664 1948 1502 3939 2432 3996 1323 1793 1151 1907 3977 2497 4159 3000 1490 1155 3175 940 1655 2911 3205 2490 803 3702 141 1613 1729 3478 4189 1711 1036 2526 3658 2537 2139 754 1196 3461 2546 2347 31 2196 517
4197
94 1730 3717 498 3711 3098 2221 1166 2590 1507 836 2643 1163 3624 3259 3431 1004 1851 3111 642 696 2844 3826 1453 699 3883 2173 3797 103 78 1431 3171 1346 950 3207 859 4047 1231 2024 2439 2276 2398 423 3438 1824 3681 2671 2366 873 1123 2547 1108 3505 1714 2560 6 1399 74 3342 1502 151 575 14 1497 1525 3221 1894 913 3990 3457 2891 2068 1657 3313 1308 3020 2336 3517 727 3208 4178 3273 118 3485 790 2677 3029 1727 2289 2173 2767 2440 2748 2781 3475
4604
98 2098 1130 3860 977 1379 2465 1238 2213 508 4366 1852 1206 1635 3683 1466 747 1467 1789 2108 1002 2659 278 731 3812 449 1161 4445 2242 3946 503 1504 1440 3140 759 3924 4519 3223 2066 3635 635 1827 882 3348 3461 1468 210 1112 2934 1998 3219 839 52 400 1570 768 2356 4238 2116 1501 3580 2618 3004 1923 1154 667 1242 1068 793 3307 98 1427 529 2487 171 894 3954 380 2005 3791 3885 2127 1534 841 2526 3103 1608 277 2736 3723 1777 3219 1736 1685 537 4397 2351 1779 860
4026
98 1176 857 3320 1535 3512 177 3131 2174 3323 3622 3610 1475 767 3281 1592 3142 2426 666 2608 2837 1518 470 293 3605 3121 942 2784 3875 2892 3746 2624 41 576 2773 1575 918 3806 1535 3091 3958 1986 3530 1406 2753 3640 3854 1868 2039 1349 1305 850 2867 2631 1142 3301 1725 2939 2058 2429 1804 2634 1026 1845 3209 628 249 956 407 2640 21 339 599 380 2600 3351 4020 2427 2049 2888 3776 183 567 3472 2813 2564 2746 511 1477 1633 3795 3280 1096 794 1954 1135 2278 2203 2090
5000
100 2344 2639 2552 3196 841 1646 728 3330 1008 2596 3749 426 1231 549 3242 2888 3967 4174 2899 1116 4509 1562 2424 4516 4990 957 1627 827 4620 4316 1926 3315 1954 829 1510 4146 2474 3589 2475 4834 2536 2575 259 3766 4475 4852 3006 3442 4025 904 4557 4886 3817 3332 4401 158 4288 2379 984 259 1694 4262 4925 3647 90 2786 2793 3916 1374 1619 3749 262 546 359 4027 1372 210 3384 4813 587 639 721 472 4455 4052 1224 965 4692 3602 1948 1302 296 1209 2579 294 2651 364 4438 1566 3090
4583
97 2840 4058 1228 3714 4377 2291 2630 1316 1613 2375 1503 3187 4440 3708 4486 4476 3589 3750 3650 1118 1318 220 3274 897 4539 1787 3054 3236 4276 2338 3833 2692 1812 477 1823 1765 2767 4452 3080 4539 2243 159 3143 2259 3866 3045 2151 2872 2211 1377 4149 3689 1597 2840 162 1712 203 3375 364 55 1129 4356 2747 2941 249 4569 282 3175 14 3362 3131 2416 3680 1690 251 2963 311 2401 1411 2681 3938 976 1786 951 3975 2107 2662 4338 898 3186 4392 2027 3118 2555 544 3367 2700
4942
85 1177 4159 627 3000 2648 3309 865 3598 476 4528 2741 1546 2326 4307 1344 3861 4087 417 1735 1960 1123 3528 1736 4107 3249 1384 3458 3252 4926 178 2100 4308 4336 932 2365 247 4241 3230 3844 4716 2815 4790 4468 3347 4154 4017 2265 3298 4434 2205 3464 3762 791 257 2926 4039 1640 4589 554 4772 4766 2654 4137 2365 3585 4708 2611 2883 2995 4661 863 4015 2714 3536 2419 1926 2610 2890 3429 307 152 1950 4068 942 413
4232
95 967 2288 1917 3892 1461 1538 1030 1238 3391 508 111 1879 550 3407 2868 2042 1128 1332 1655 275 647 3087 1178 4175 2926 2188 878 3722 967 3777 1402 1934 32 3319 1593 3924 3056 823 3361 415 1330 3471 493 1879 2646 1560 3920 3773 2891 3774 2247 1738 829 3424 1680 1954 3811 758 1443 546 2734 1044 679 2765 2562 471 2457 1386 1293 4017 4232 2622 3256 492 268 4101 2051 2387 1841 710 1929 4087 2447 2757 1478 2326 2910 1057 3083 120 4034 4016 1163 480 2549
4915
100 2349 2732 2499 4540 2571 2066 972 1500 4197 4318 387 20 4601 2586 2161 3833 1764 1931 4045 2645 719 1775 949 1624 4275 3783 907 3891 966 1454 3009 3314 4186 593 2939 4568 470 1722 1152 4667 3852 1538 4686 3537 1936 4658 266 3699 1673 4311 1429 2391 3897 189 1826 1068 3971 2732 44 21 1998 864 1146 1268 1456 1896 920 1926 3618 4799 4404 2554 4148 1986 3902 1168 1728 4167 4867 3400 1374 4107 3602 3082 4295 512 4150 1162 1056 2005 1182 3053 2868 2327 4320 2136 4223 3051 4061 737
4368
98 505 3019 2283 629 3711 2031 3803 191 2639 1190 1833 1672 1536 1126 4071 1240 4115 3880 1946 844 2637 3307 1801 3665 4308 3449 2791 971 124 2455 3728 500 1105 1642 1000 320 3545 306 382 1815 1495 2215 3487 3030 3340 3061 4269 2958 2444 1719 3802 712 657 1234 9 469 314 2671 1439 309 757 670 680 1734 2311 1679 1925 1359 1856 2306 3174 3350 24 2164 1883 3236 856 1656 1825 3299 3246 1258 3882 3902 2363 3762 4242 2549 1936 1184 2857 2565 1853 3409 4298 4036 719 1726
4982
86 1503 3970 2579 1244 4372 3810 4764 2524 2012 4093 2734 1428 1390 343 2187 1456 3303 1361 3458 172 2598 4551 4112 1010 945 1336 4081 3872 1949 4129 2218 3451 605 4796 2183 4976 1112 1964 5 3123 1075 226 2038 4934 568 4224 1407 1359 602 2352 1530 687 4390 659 1696 353 4464 3264 4224 1431 4881 1460 2369 503 3743 2039 2966 4854 1491 2970 482 2565 3195 2519 4 1251 4230 3880 2609 2319 3720 4138 3005 3127 2284 4700
4555
97 1671 3900 3637 970 3772 3358 1874 791 2719 1134 1263 1136 2776 4073 3364 2748 2028 1330 1603 3443 437 682 2708 4051 1929 2753 2629 4449 2864 97 712 2966 2428 2780 2368 1644 1583 4241 866 4301 3807 2128 881 2027 1645 4244 3207 2105 4005 3241 992 4441 2354 2132 3936 4282 329 442 4175 1624 538 331 3022 1398 3110 834 3041 3124 3506 2339 2869 2757 4466 2182 3216 1556 302 1867 2092 4307 3539 3083 4192 1337 3646 2005 1063 3975 2446 3669 4030 1415 3999 928 2812 985 1761
3699
96 3618 1515 805 3519 2411 1971 298 3011 821 858 2087 333 3443 359 132 556 2074 3568 2560 555 907 1037 2341 2494 1386 2674 3680 2759 394 2613 3196 706 428 301 919 3233 2665 1610 2544 3485 2862 1325 513 2605 1684 1038 3555 58 906 2809 612 1812 146 3346 1000 1926 2320 981 985 3107 3593 481 507 715 1175 1820 642 140 3429 3185 3625 2985 811 832 2285 2888 1869 2534 2945 2774 1643 251 886 1788 292 1886 14 3005 3260 1392 2807 3153 2266 8 562 3440
4973
99 4233 898 2813 2810 3456 2248 3260 1374 134 2019 4154 1190 4048 1585 862 2579 1768 1540 1839 4324 1682 2995 20 800 355 1564 4729 2633 707 363 2877 4939 1260 2685 2775 1711 1928 3031 80 2061 76 4233 3251 4123 2814 1108 3697 4581 2647 2531 927 1324 552 946 2124 2875 2510 3848 534 212 1206 407 177 4434 3091 4920 1172 46 2977 1251 2106 3053 2480 2352 4171 2289 456 2895 1896 98 452 4791 1422 1004 763 541 3878 268 4388 1408 479 2589 1814 2624 2049 4904 2571 3220 1945
4638
98 3578 866 1668 2268 2552 364 1034 1003 2428 204 4174 3313 1979 2274 4014 4635 2175 127 785 2712 141 982 2721 2820 1327 1134 808 633 2008 3258 4262 4059 2597 1291 1688 511 1654 1195 1513 2556 1399 1048 1230 1851 1796 3717 321 3970 3843 1105 2044 2457 560 3238 639 1886 4372 1446 992 215 3177 615 2748 1136 1905 4435 120 2033 992 106 4588 864 1153 4291 2714 2948 3369 1509 754 1047 2613 1271 3503 3173 2982 2615 3532 2715 2535 4524 1404 1073 500 4151 682 879 2421 801
3720
98 2614 3098 2727 2457 1574 2262 614 532 2448 2206 279 2424 491 1207 44 3650 3026 466 3201 1854 3277 65 2683 2728 1006 3218 2075 3195 1757 1649 2362 650 1026 1368 3107 551 1582 1672 1082 1981 157 1360 685 2319 518 728 2248 1496 2865 1728 3349 373 3464 2312 3100 2422 1809 1455 1896 3566 1055 537 2167 33 3576 1553 583 1437 3224 1665 1370 1333 976 2054 3651 3166 733 131 941 1549 3530 2241 1921 3274 2504 1300 1975 593 706 150 2110 3433 686 556 3465 2213 61 327
4614
71 1074 4242 2203 2411 3145 602 2195 2008 3354 990 4110 1413 2118 4037 1826 293 1571 1068 4141 1282 294 2246 2417 649 54 2604 2360 4339 3715 2659 1369 174 3431 3571 3729 1961 4172 2453 3969 4055 3442 3464 853 2090 4030 3822 2382 986 1420 3052 3411 1713 684 2358 2362 737 347 107 461 4061 3910 1829 765 2726 1929 1023 72 2631 5 570 2071
4309
78 998 4189 1848 790 3850 14 3495 1058 1997 1390 3964 1178 994 1794 579 1703 3542 851 2291 1669 3645 672 3142 1967 3960 1227 370 815 3646 3333 3569 1634 203 1107 2423 4053 1120 2908 801 3117 1288 455 1285 2282 3548 3164 3984 2781 1005 1965 1440 340 3936 1572 2306 3586 2799 2675 1392 3435 2998 651 759 3201 3058 172 4244 4177 3079 2035 4284 58 2489 2560 3639 3027 2714 3313
4990
98 376 3561 1831 123 1463 4571 507 4258 3560 41 1035 4150 503 2670 2621 2035 4657 1175 1012 4379 480 3142 4642 533 4864 542 1910 2393 2388 2721 190 2763 4064 4792 668 3308 4372 1174 2575 723 3986 1391 4872 4489 1843 284 4305 1509 1458 3098 3669 4709 1250 3321 252 1123 3862 2161 1297 4031 4882 1486 1804 1737 4059 2471 54 3440 1426 2628 1944 421 1801 1825 2691 3643 4880 2006 2933 1347 113 1611 1065 4134 4931 1316 3038 1585 1259 4334 625 3922 3601 210 668 2669 462 721
4882
92 2655 52 2263 3821 1502 4603 3629 4083 2632 4570 1698 4784 1477 1250 2750 1161 4033 1379 1402 4721 996 351 514 182 1807 3522 1984 4177 1407 418 3018 4809 1218 398 4495 2719 866 3989 2668 3498 3676 4365 3399 1018 733 2014 2178 4765 3393 4327 470 4388 543 1731 435 2350 1118 3167 1644 3273 3584 4662 3199 667 925 3560 3386 1791 2666 1919 406 2208 1401 4552 3973 2133 1684 1269 2764 942 1461 3981 1195 2004 829 2377 4353 2695 661 1114 1085 4245
4829
97 573 1817 3037 2358 4203 1506 3389 4556 1711 511 2021 3652 1338 91 2819 3015 2514 4809 430 4282 4744 1304 112 369 1359 136 2908 4093 1610 2292 2880 3809 4108 2714 1337 278 1016 1523 1630 2726 2033 447 3174 167 2164 1164 3182 4677 2769 408 4130 2683 1711 4241 4677 4695 1173 2755 3958 2783 1843 2009 1762 2747 1519 4724 4650 2534 1417 1450 2056 246 1897 400 413 4060 3189 391 704 2754 2424 4 2233 4135 1041 2080 797 2214 1632 4755 1793 271 3560 3554 3018 1875 3448
4101
92 2431 1901 3462 3018 2682 3382 1338 2487 558 1233 458 251 1237 1132 804 316 375 765 364 2920 4048 486 1646 1301 1196 168 831 2240 2191 1749 218 520 3649 3679 337 3131 3860 1675 1516 317 3808 2874 567 1844 806 1370 3060 1180 2134 3424 4100 2981 3909 2545 1082 1904 2712 1912 42 1702 3660 1160 3122 8 737 3459 3138 496 1933 1453 1713 2540 226 3180 283 1932 448 3342 3111 3482 3565 4010 3263 173 2453 243 2076 1965 2154 3019 3666 2613
4814
92 1423 785 3760 4463 942 4304 70 1030 3175 1917 2351 976 789 162 1558 2247 180 1668 644 4263 2514 4100 992 4676 4388 1090 4524 2666 2044 146 1750 1892 931 695 4780 298 184 3276 4567 1784 378 2103 2759 1166 2265 2742 1838 2444 4409 907 1892 535 192 1309 3636 4579 824 3345 856 1293 1916 2605 3184 1272 3299 3150 1569 1908 37 1321 2117 414 1850 61 1579 4114 1229 1842 169 4063 2748 2060 4597 2939 1794 1844 1129 2617 3614 1985 2336 716
4982
100 926 42 2348 906 1298 1392 1915 1036 2780 1516 1046 1563 4478 1160 3343 2160 612 2178 3488 4047 3864 4823 836 1778 2014 2140 4233 1449 1236 4524 517 2161 2054 353 555 3351 4214 2469 4387 2011 1472 2920 1061 968 4079 4403 615 4691 1598 4102 3755 2950 3942 2079 4727 3444 4218 1466 4892 2941 1007 2897 119 548 3249 3143 3899 2480 630 791 1978 2101 3710 3038 556 2806 4928 1170 2514 4014 2759 3757 1981 4189 853 4195 2650 2558 3148 47 516 1643 2943 3104 2190 1209 1265 1106 1176 4364
4057
92 1538 2295 52 3540 1281 3744 3378 2956 3006 640 2849 2312 2180 3763 1490 1277 3602 1205 2284 1587 56 3590 3378 3977 2636 3064 3347 2986 59 2654 172 1596 891 223 1126 2171 3966 446 1069 2962 1086 3918 1264 3313 3623 2801 581 3215 4054 2864 744 52 2445 113 4029 1071 3176 3366 4057 3282 1962 171 821 2852 442 1994 965 350 2488 2034 3312 3621 1894 518 2876 1459 3367 3504 665 3363 2311 1456 3414 746 1568 3433 1816 734 2741 1815 4016 645
4628
97 2022 2999 3404 4368 3574 2435 301 3604 3371 3715 4200 3053 2124 49 3797 3695 3974 1227 3793 2780 768 1590 1705 1701 3282 2621 803 3408 4018 1432 198 2323 714 4514 2975 4288 2320 3275 3263 1974 3273 3746 1311 768 3794 479 747 3139 2617 4539 2202 3385 1500 190 457 1065 3723 2171 4472 3112 3602 954 807 600 839 65 259 4070 3339 4433 1416 2896 4463 2726 3663 3628 4116 4409 3051 2105 603 1536 861 3014 1726 2229 4079 820 4399 206 215 4285 1159 1933 256 1997 1997
4420
95 2843 917 2328 4350 4186 3551 3196 3705 1433 1790 2795 3829 3580 2733 3391 2747 1685 335 2811 2659 4164 3625 2097 1242 951 2300 2613 1079 2967 3423 3394 1261 4339 1173 1190 3976 304 4258 3132 1608 1499 1507 1016 658 4239 4278 3404 1375 65 1667 4034 4228 871 1582 1049 1694 3754 3533 2644 2172 2536 1618 3432 2454 2662 73 1882 2837 4330 593 24 1409 2099 912 1938 1917 641 794 3292 705 2460 2777 513 3330 4230 1561 475 3563 674 3119 1314 3081 188 325 986
4229
89 688 85 1903 2695 1384 2604 471 4077 4162 3984 3240 2913 853 2954 1979 3561 1256 101 1945 1690 4006 109 786 2552 2290 2587 2503 2780 264 3400 2947 951 3484 620 3645 3190 3224 2438 1360 3156 2192 370 163 3044 3323 2141 698 350 564 2642 362 2892 1073 1148 1214 3363 3734 2039 1913 3997 3761 631 3270 1339 3802 1008 299 2796 3445 1659 46 3959 351 208 1097 3674 671 1794 2346 1234 2759 2707 4125 3831 2177 3661 2964 1682 4022
4991
90 266 389 3669 3271 1369 178 3437 4703 122 3032 1390 3689 3949 1644 4086 1977 995 3746 4039 2605 4749 4656 2478 4263 2795 2699 611 2691 4203 3963 3576 4468 4351 2253 1660 4632 2431 106 3256 1465 2050 4645 162 1007 1297 4248 2983 1204 3002 943 3808 1672 608 207 4847 2315 2905 466 14 1030 4428 3589 4410 2700 851 1079 1254 2194 97 4509 3658 2146 4163 3819 2066 4372 3075 3961 4489 4989 4904 3305 582 4424 2425 438 1747 338 903 673
4965
95 2923 1120 4790 4479 2623 1143 4355 19 4201 4152 1772 2122 3310 606 3109 4297 3714 1660 416 1067 2092 4312 536 721 4407 2847 3131 450 2769 2806 1704 3703 1937 4505 1228 4559 683 618 2589 2895 2781 4360 51 1126 2978 1172 3434 4703 843 3849 804 947 1207 1340 1667 3625 4186 4797 4074 1 2637 3790 1715 4573 3329 2942 2178 2023 1571 2778 4917 4352 185 2980 3489 3162 4151 4934 911 3005 1830 1715 3951 3036 1066 653 1696 3263 3461 3781 3263 4110 2605 2989 1729
5000
100 4312 2589 11 1176 4422 2056 390 2473 4788 4414 4896 4143 251 3386 4628 3377 3424 1697 3200 1609 1315 4687 154 1552 2537 1515 1728 3819 4512 609 1228 175 4549 1238 1350 3971 4646 3091 1443 4433 3857 2690 3575 459 1075 4554 3835 4498 1251 3386 2458 2565 3073 3963 4116 1961 1829 2195 779 1341 4155 2007 2867 56 4596 4217 4026 4241 3659 1820 3674 2515 861 3600 2974 3287 3154 3160 4137 756 1546 1594 3320 4618 1909 3788 1578 3737 2334 3709 1429 2841 715 4296 2896 1662 4864 3273 903 3522
4916
85 2452 1233 44 4731 4698 1008 4217 2068 1667 1804 4775 2651 1391 2054 4129 3713 2959 301 4236 3267 1800 4661 598 4320 4480 4833 714 4150 1764 4267 1404 1427 584 1447 1241 2493 4582 541 4560 1333 4472 1631 3983 3074 896 3196 1870 1066 708 3317 4333 2507 273 2142 4038 4753 4186 1963 1198 1033 1314 2602 2460 4025 4048 3700 1601 3714 1453 3373 2258 1008 87 1324 4082 3110 1731 3163 4175 2438 3692 803 2156 3964 2944
4924
91 1271 4735 199 4307 1174 2736 34 2030 866 4442 413 1124 421 3614 1759 1145 3936 3858 341 2942 4354 3607 2868 3678 1446 44 2754 2302 2402 1845 778 3672 2431 977 3830 3604 3712 4639 1486 4577 4156 1898 1552 428 1363 3310 2348 374 2243 2688 3315 2448 1370 1259 1202 3591 2078 4731 969 4480 2428 2522 4003 4858 3498 2909 4314 2285 2623 875 2713 2631 3548 4264 3834 4910 3425 1258 360 1519 4721 4450 3967 1167 1560 1020 4757 3638 1602 1577 3969
4292
93 367 3668 442 2370 2092 1983 944 2325 2068 2422 2246 2340 175 4197 3877 62 3429 92 497 3598 3027 1541 2263 4003 2185 1135 2685 1774 1806 3470 1559 3556 2845 2000 3017 2028 3983 3960 60 3142 3474 3689 1189 740 3594 2157 801 2730 3633 2681 3420 2367 1313 1390 3461 589 2524 1853 2362 1422 2414 3921 2069 967 3012 794 2994 4086 461 146 2935 1026 3834 1215 1766 3135 464 3950 2957 4096 3723 2084 3554 743 565 2722 1332 3089 1666 785 1602 4079 1797
4985
100 968 3467 882 528 2179 3695 1951 3688 398 18 3207 1374 804 4336 2742 4416 190 1022 3723 530 2097 716 737 2862 2343 2351 2028 3644 1052 4491 1067 2020 2972 1948 2064 165 174 3532 3370 89 3549 1591 1462 3869 458 3721 3300 648 4259 1554 694 1371 2270 1431 3749 4612 3781 309 2787 4350 4316 3853 1384 2302 332 2964 1984 506 1510 368 111 4575 1475 1572 3459 1450 4809 1773 1614 4083 2843 2307 4970 127 3737 3250 4255 2050 3558 2057 1414 2888 441 2314 4707 290 292 1222 312 1319
4363
98 3960 2925 551 1287 3644 4165 3144 3898 3993 2420 2072 1365 3992 682 1708 4048 3095 368 4093 818 58 2614 4178 202 3359 1670 4114 4108 872 3967 110 2872 570 660 4159 4213 462 980 1788 91 3399 3860 1456 1068 178 1204 3156 1313 3975 2886 171 4032 3540 2389 2274 576 4058 2024 2725 2970 4032 2834 1479 238 3493 3678 2491 3954 294 4279 2086 1733 1816 1582 2801 34 826 1593 1346 437 2519 3920 2509 4099 1945 419 312 4043 484 3036 2650 152 3910 2169 2793 3039 1483 3324
3403
98 524 3030 513 191 721 2893 3175 637 977 1427 1876 621 582 1809 1763 40 3341 1303 538 2347 2803 2911 1194 1553 1822 396 3135 123 1779 256 1184 2223 3205 1616 2413 522 1105 2104 1158 2081 47 3033 2702 628 1358 981 667 1295 2204 1124 158 1603 551 1351 3156 2373 1666 2887 2495 3365 3142 195 2184 2943 1811 1113 3384 2915 3136 1058 1513 3102 607 731 326 1964 1711 913 3258 511 2036 13 2034 2587 1283 1786 1476 2869 1189 487 2830 847 682 1530 306 2412 2562 286
3601
100 519 3546 2169 36 2394 3441 1806 1765 3536 674 3491 466 2885 2092 2525 514 3189 1452 570 2214 3174 1683 1829 1594 1950 1673 2182 1012 439 522 3051 2467 1976 1618 2502 768 1457 706 441 2901 2890 330 1275 2173 330 1708 595 1427 3160 1164 1550 641 756 3378 2234 2705 1450 2324 115 3398 754 1074 2263 638 600 1163 2915 3566 1868 3355 2865 1156 1593 2048 1238 1922 155 1832 1258 1223 905 2807 1863 1660 2583 2005 763 431 2237 2387 1737 2990 1370 1908 26 1969 3070 849 3444 2847
4476
66 1405 344 908 3217 1042 2264 4117 2610 3909 565 3185 1193 3620 4224 1868 2294 3876 2883 671 4004 1048 4271 702 417 1451 2822 2140 4386 332 3430 1893 1736 3773 2801 476 3018 3268 2797 1152 2701 3361 2540 3893 709 491 3964 3002 4367 2371 1876 2098 1622 4350 2799 2038 1325 3824 2381 3914 4155 4015 1330 4094 1515 2334 94
4140
99 576 1976 1939 1259 2552 3607 274 2408 2737 3613 4024 651 3381 1866 281 2931 3477 3739 63 2603 468 1832 3201 1321 1714 2279 1663 1415 313 2323 3528 1481 750 1919 3331 3301 1385 3604 2160 573 3669 2635 1223 2909 361 2096 1699 289 1694 1762 2891 2753 45 2543 525 2351 681 2188 3765 1586 962 3744 3066 1712 1522 2256 1464 3498 2311 3624 4070 1839 2118 1745 1200 3070 3840 2898 3358 1985 1111 2700 597 1156 1103 1121 4098 2375 3308 174 3960 722 3917 2885 2433 1299 1592 3896 656
4888
88 1653 4827 1499 1893 2992 4705 3339 3720 1577 4547 3628 999 1721 2129 1634 1604 4648 3833 451 200 164 783 4143 4780 2788 4420 855 2558 3580 4477 520 840 4415 2514 3228 3014 2331 1678 2341 4403 1832 1577 1009 3553 4201 2642 268 4457 2082 1215 4656 2245 1997 3910 2136 392 3937 3487 2950 3124 3075 3965 3964 3098 1590 2303 1719 4416 4477 4060 3930 1420 748 546 84 556 3188 848 124 877 2062 4779 3122 4058 4297 865 4449 3841
4410
76 2783 627 4329 4036 1842 2551 75 3149 3158 3251 1709 2747 290 1720 3196 3835 1457 3509 2363 2761 4305 3732 1663 3124 3798 1541 2127 444 1444 61 2148 4227 687 3199 574 3661 1339 1780 2399 1219 620 829 3965 2042 2548 3882 1466 4004 2981 550 3486 2875 4281 1871 1589 390 3411 437 834 445 497 2981 1393 2316 2901 3098 1566 4240 467 3964 1048 2218 382 1734 981 4062
3545
98 3158 1835 1288 322 1953 2571 2739 499 1938 154 855 1806 1376 1311 158 1919 153 3163 2105 1687 1326 189 1705 1918 2269 1899 1768 2127 1508 509 2907 1120 2343 11 1441 112 2581 3541 611 973 149 827 2778 1524 2137 2297 3442 1651 1914 2002 2700 2602 1552 221 974 3183 2119 2103 1764 81 1974 487 1200 133 497 2002 245 2439 1997 217 2774 2145 405 1368 3030 2541 120 2927 9 1395 745 2708 451 2296 2290 787 1933 863 2889 3058 944 1317 3544 1505 1450 3402 3507 1056
4648
93 2985 761 4370 3446 2252 3116 3130 1071 4006 4088 2616 1778 2443 229 2618 2231 3309 1491 1069 467 2799 3457 89 2221 2967 2610 1884 560 3520 1814 101 1856 2574 4470 4557 177 2938 3038 1247 1551 2477 3118 2584 4176 3347 554 1758 1263 1300 2082 1729 4098 147 1074 926 3113 3683 2809 3673 1810 4622 3029 2921 1803 2850 2829 1979 395 1219 3226 1201 2951 951 3785 2478 3553 3594 3491 167 245 925 1152 3598 1071 2225 4523 3439 515 1939 1719 2324 1913 99
4939
99 2144 1331 464 97 2208 3910 943 3921 1043 3128 2646 1100 3694 2428 892 375 886 1375 3098 391 2771 3631 400 3346 562 2409 2498 2077 621 375 1548 1255 196 502 1351 2403 4411 2293 4814 515 3912 1012 105 1157 3439 4427 1531 2815 862 3119 3205 2123 1810 3605 3959 2371 4504 1517 4447 3615 1891 4485 4869 2086 47 1280 2980 2949 2064 1345 1954 4466 2356 2058 683 855 36 704 2160 4327 3822 426 1510 693 4030 530 3063 2085 537 1062 760 2428 607 689 3004 4084 459 4474 2093
4902
99 2595 2217 4440 3454 4598 3171 1420 2598 333 1524 4428 3938 413 4471 490 1712 4897 417 4262 2720 3037 3784 962 3388 160 1384 4489 1628 1701 610 234 4295 2826 3892 2847 1739 1378 3484 4336 928 105 3862 4865 4638 2648 452 1447 1861 868 806 4580 3123 4589 4759 1608 3966 458 1194 691 2158 1021 143 1550 3846 4034 3614 4803 509 2196 4236 1437 1518 2413 617 1253 159 1069 2699 1237 1154 2723 914 3494 1627 4890 199 691 445 611 599 2602 849 4861 3369 3913 3992 1299 3813 3719
4701
87 3084 3658 1908 2138 2784 3691 2619 4034 3686 2350 67 1454 2550 179 961 2386 2044 3738 367 526 1615 2830 1839 1958 1932 2537 2122 122 3652 1543 1516 1000 4167 2389 3137 1215 1379 21 547 4030 2370 613 782 3885 4458 1742 536 767 779 902 1292 1359 2697 3131 2282 3595 4633 3369 2682 3583 211 4197 4582 3343 1884 1983 4557 2228 2003 402 1556 3338 1014 2338 1488 771 3045 2023 1537 3823 1890 2828 4147 3552 223 1728 2445
3647
97 610 2959 988 1516 2332 1186 148 349 555 1416 309 1079 3642 837 3141 779 1960 284 92 1121 3331 1588 490 2680 1232 2987 1128 525 3391 687 2630 353 3645 1215 1868 3573 2400 3259 1518 552 2271 1826 1630 3510 2663 1123 641 2219 2650 732 936 3577 3563 2669 207 2391 2008 1334 512 2995 3264 3141 944 858 708 409 2028 705 20 3545 1256 3535 1724 482 3397 1983 2848 390 1798 3095 2365 330 3024 2280 2998 3230 1023 2602 2160 1534 1949 3020 2271 489 1475 576 897
3501
100 3488 3018 1051 3154 1730 2165 2257 1542 2861 3256 2291 803 2299 3483 2763 2740 3482 513 169 1508 3463 1527 2999 2335 1380 647 801 3181 2743 2504 652 972 263 3446 625 1992 2109 2881 1777 1469 879 566 514 3177 2291 3276 658 2272 2032 826 278 1993 596 1519 827 1975 408 3371 3398 3150 2374 2293 2364 2636 2237 2988 2871 2589 611 2890 2300 1489 3455 2813 2908 2244 830 64 2758 2861 2634 3035 3097 3229 2796 2166 3446 3203 2035 1586 1094 2651 377 3458 1786 856 2944 2899 1687 1797
4957
90 2163 2267 3501 1198 348 1196 3618 1540 2444 3118 3110 3016 3010 4105 802 286 3303 4804 595 3011 2765 3714 4479 4189 3060 447 4342 2924 4821 3898 3332 4789 1208 1875 3793 1555 876 2453 900 3319 3376 1816 4140 4192 963 4941 2283 4265 4787 683 124 400 4396 2408 4588 2499 661 1779 3228 524 719 1602 356 4689 3476 4148 4049 2157 4406 2755 518 631 4570 4657 4822 575 2446 4910 2645 81 635 574 480 2836 2982 2874 377 3642 4652 3605
4814
100 4006 3704 1820 2322 3495 1802 2218 3191 4785 3685 1259 4643 3477 2560 1908 2484 13 927 42 2312 2014 787 3701 2084 829 738 1894 4270 4411 4156 1035 3602 3045 2854 4350 151 4655 1753 1768 3052 3864 1452 2880 952 4012 3214 3435 2450 2566 1903 4761 4579 2689 3647 274 3517 2811 2168 1399 2407 1509 2433 4435 2980 473 3970 1556 3553 4148 3323 216 3197 3201 1522 4148 2398 4735 2769 33 2486 4671 3219 2251 971 2052 950 2914 3288 3117 4312 880 3052 1930 500 4457 828 2895 1198 2807 2229
4913
97 4556 1489 401 2033 848 1051 4819 2408 869 2598 783 1921 3341 2123 270 3639 2683 389 3050 4565 403 3803 940 3645 1047 2192 1656 4384 4874 1710 1313 4517 1677 191 114 1002 4632 3410 1888 588 1094 2670 986 2913 4792 1256 1638 1039 122 3165 4081 524 532 107 2646 57 2298 2780 4440 737 4489 4230 3731 4643 4421 3844 732 2617 818 2619 1682 1911 375 2668 3301 3644 2401 3416 3160 2522 145 2327 1523 677 2433 4169 733 3209 2035 3650 3945 88 2966 1240 4731 951 170
4326
84 50 2792 43 1787 21 1831 1186 1016 1495 3114 4104 980 2889 894 2169 3337 2663 2168 3692 3941 513 2665 1164 1193 1619 1513 2162 2821 835 4121 3656 4200 1576 3698 1661 1597 192 1836 1602 676 623 1379 1655 3511 1262 2813 1511 3924 654 876 2529 156 3541 3692 338 4149 878 2499 2643 702 1283 962 575 2859 3649 1225 129 3840 3060 720 189 3682 2098 833 1857 2349 3645 2357 937 3288 2223 3465 2433 1437
5
5 1 2 3 4 5
4212
86 492 92 1793 2565 4024 778 1027 1731 2576 3268 2031 682 2267 2316 910 1841 1395 3759 1177 390 2583 58 157 2808 1481 1307 3160 2967 651 3355 1795 1142 3446 3928 4047 3597 833 861 1116 3748 257 3146 217 2863 1250 1126 491 2984 1012 1667 3373 3935 1724 3530 2530 3545 964 1817 2299 1615 960 221 2756 193 276 2590 4130 1108 3791 1033 643 4047 306 859 2697 1895 2324 3527 667 3676 1322 4039 3398 3385 3696 1715
4628
96 730 3013 2029 1638 1904 298 3417 4034 180 481 700 1331 3081 3023 1181 2453 4344 468 1441 2085 2663 1290 306 2896 3886 1064 2551 3785 2943 3129 3380 3672 1514 780 681 3417 1077 381 3734 2168 1773 4434 4411 225 3740 963 2678 4368 2342 402 2736 377 1691 3041 4184 948 4104 3018 1016 3331 1519 4395 2374 3944 1458 3967 3644 3447 4347 2750 1898 1492 3467 1680 2628 2578 3555 1589 2317 2180 1990 1337 2556 4592 4377 3023 1823 137 1413 2839 3467 3843 2605 1212 3158 347
15
4 3 4 7 10
4710
98 3666 22 2269 58 782 1527 2358 241 4441 967 1176 2934 4005 1156 2133 2125 2461 3574 1346 954 3677 2297 3769 4399 4435 1106 2096 3086 3821 2225 3983 1238 708 1541 1296 1489 3067 2115 192 2797 3081 1367 4192 837 2522 76 2961 273 2111 2768 4398 1077 355 1918 3937 3251 3023 1322 1626 595 2008 898 1833 2715 901 1590 2666 2429 3704 2857 516 536 2685 3169 1372 3669 3245 4332 2403 645 851 552 184 1205 2469 4120 4455 3954 732 4542 4548 2739 3902 132 3916 92 1721 1871
4695
96 1685 3568 4110 3419 3571 963 1782 3760 2556 4051 1557 4427 4570 2180 2688 1167 2195 1035 811 2013 2359 3470 3828 4452 3846 4137 524 1091 2157 3052 382 3841 1925 4453 2526 762 721 4308 4483 3238 3625 1344 2970 3499 3485 924 4665 984 1959 743 2958 4317 4212 2053 4035 3324 1494 4558 4414 3612 2914 62 2757 105 4477 588 867 502 162 654 3701 3786 1960 1975 2589 749 2861 2521 1733 124 3263 4652 4402 2741 2009 3741 1369 3464 3603 1049 2380 1783 1110 442 1888 891
86
86 12 25 38 47 46 14 80 7 48 33 68 52 59 47 10 68 61 8 67 31 29 73 9 46 58 12 27 64 54 72 77 57 2 20 18 39 34 11 38 73 36 19 30 86 66 39 59 32 39 31 62 59 18 62 18 67 73 44 45 33 21 27 3 23 47 20 61 72 23 12 58 50 23 2 41 2 32 13 25 70 43 78 42 52 53 51
4456
77 4066 3949 2318 3811 3425 701 1562 1959 3050 1540 567 3666 960 1094 1432 3621 2995 272 866 1417 887 9 1970 172 1491 1421 974 291 3826 2694 3391 3435 2187 2140 3678 1155 2841 783 4001 2322 3210 112 1531 4170 2093 2963 4222 632 4122 1519 2048 1441 1527 450 2500 3017 1870 3473 4196 2127 2598 4018 1106 328 1702 1215 2371 974 1997 1915 3295 750 2914 1258 1351 551 4220
5
90 5 3 5 2 4 3 2 4 3 5 2 3 1 5 2 1 2 5 2 3 2 3 5 5 2 5 5 2 4 4 4 5 1 3 4 4 1 5 4 5 4 1 5 5 5 1 2 1 2 1 3 3 5 2 4 1 1 4 3 1 2 1 5 2 1 3 3 3 4 1 4 3 1 3 4 2 3 2 2 4 2 4 4 4 5 2 4 2 2 1
4609
99 3027 376 2669 775 2360 2770 3033 2604 1650 2240 4269 1955 992 4449 1272 2014 4594 720 3558 1043 2453 1548 2404 4253 1804 4061 4569 3865 2934 3181 296 1351 496 2964 3674 2856 2673 2097 2399 4322 4336 3608 3216 2268 3447 4487 4281 372 598 170 1414 3050 3266 757 2694 2009 208 4202 2813 81 4322 3108 2980 209 1462 2044 4 4134 1081 3951 786 2356 2949 4001 14 3336 3878 1235 647 1415 1404 2060 4465 1609 4366 4098 3617 1513 630 1820 1594 1891 1867 4573 3648 268 3557 3651 1341
3949
98 1614 2217 1362 128 1485 1456 599 1460 1440 2208 1954 2207 42 1702 3078 2433 73 1521 3380 38 2997 3895 2758 456 3115 1447 1400 274 2966 39 3493 2927 603 905 3055 2087 709 2001 1894 496 2557 3847 1050 2598 3897 2475 1081 20 2344 511 2354 1391 2754 3459 194 267 956 1593 2837 3921 1631 2380 2898 2233 1633 351 2667 2341 2352 611 1184 3256 2806 2233 1904 1101 3055 1332 1120 1449 191 1821 2839 2944 1330 1380 1558 633 2973 446 604 2951 2825 1849 3532 2805 548 2249
4790
73 1399 3965 4467 4347 1165 2803 3113 3816 1059 734 3864 2524 3612 210 3458 2849 140 3536 3663 3200 4316 3342 4561 4102 4108 1209 4662 3039 745 3663 453 2143 730 2812 4381 1894 824 2703 920 1882 3436 2675 2297 150 2884 3646 890 3023 2391 2444 4115 1917 3678 1777 1228 2995 2985 1099 3926 3730 2654 4378 3764 3383 291 3355 486 1114 3949 4087 887 487 1971
4311
91 1776 2193 918 880 1910 2854 886 4026 3118 4073 106 4157 3422 1362 3437 838 679 4055 991 3533 2040 1671 261 1991 1910 906 1078 3307 1105 3006 218 2881 3090 1135 1652 2891 1880 429 2605 687 190 602 2735 1504 1963 4063 233 534 1698 1223 1958 3737 785 2218 3619 2695 1016 386 3893 2120 1283 4110 689 2264 933 2341 843 705 661 3447 1391 851 1940 4125 246 1794 1768 478 2327 3466 1701 4284 783 2485 83 2294 3071 1098 571 2652 3217
4530
100 404 2908 2724 1080 208 2755 2747 120 659 1930 553 4215 1553 4091 1348 2301 773 2287 3813 2067 4444 226 3179 59 3256 1621 3827 2943 899 1648 1713 1302 25 3528 1473 3855 845 4220 3066 1503 1619 3619 1187 2264 2271 1626 34 3043 3913 2939 4202 3826 2256 1942 2976 74 3562 1365 3016 3552 3012 3820 323 3037 1909 888 1453 2753 4199 4518 4255 1287 2698 3 2642 438 721 1768 2573 103 176 1336 3020 2431 3277 558 1596 1400 1922 81 422 403 2992 4366 2531 371 723 3983 2215 391
4620
98 934 1111 3127 2638 2910 4316 270 79 974 2290 3429 1140 402 4441 2618 3731 2692 3335 931 2938 3655 1386 1086 3885 4360 4252 3259 2063 327 3911 445 4492 3633 3571 2509 1922 3266 1391 613 2852 3680 4041 3991 2694 2473 1988 416 545 3935 1346 2094 2969 2731 3179 845 1083 1423 4103 1757 361 2005 2201 233 4249 1151 1353 1551 3029 2743 775 4492 415 3427 3862 3108 1279 4462 3523 435 3776 3481 2528 736 203 4319 1580 1285 1121 4295 1654 1481 291 3854 1713 4540 3617 1678 82
4908
100 4446 4568 2238 1810 640 4345 2455 1017 1734 128 1459 2432 766 867 1610 3599 3395 2026 2403 281 2619 4238 2698 93 2405 1925 1724 2754 3349 2924 1609 4822 4519 874 3659 250 2246 1205 3202 3980 3269 4660 1503 4034 2555 140 4660 2977 2165 4091 3257 1811 3420 1046 1904 916 4906 655 697 3346 606 2305 287 217 206 3945 2402 2452 2178 2632 1523 2474 2383 53 3535 1965 192 3286 33 4293 2468 3289 1195 2916 1363 3098 3831 1360 780 4528 1734 1386 3860 3956 3538 1094 2993 1031 3545 2198
3708
86 173 2180 2977 1465 38 3231 380 3049 1894 2997 3183 437 1511 655 3300 1265 934 1942 1343 879 3450 654 1089 1599 1738 2240 3652 752 2523 2637 2670 3539 1952 1939 2139 1989 2305 3362 2173 1335 3494 1647 1771 1296 2301 2206 3404 370 1283 1882 2092 1025 2536 316 3467 1409 3399 546 3004 3057 318 1966 2887 2269 1040 2161 1394 480 1815 3566 1814 1600 2349 720 32 1785 2925 3435 2155 500 1609 1382 2368 1280 2542 2126
4396
94 4150 1052 1096 2929 2357 401 1044 4134 1030 3637 834 1180 3381 1224 2026 2101 3070 3783 2476 667 1687 1795 3575 61 3456 1673 1383 4160 1399 3639 3188 1152 294 4283 1601 171 2204 2644 4304 3233 3800 2657 1932 2784 3881 3958 2404 74 3344 483 740 634 4193 4314 2611 773 1590 1513 536 508 755 3723 3576 2965 1129 780 3135 3332 943 562 4084 2262 3218 1620 649 222 1181 3052 295 2044 1055 2950 198 2767 2868 328 3539 1977 1840 1594 2485 114 920 1664
4705
85 71 3928 316 2577 4606 198 1530 1557 1293 3402 547 1708 1049 3869 2410 2314 101 3277 4606 322 62 787 1117 2630 1026 971 1828 1588 3124 539 2855 3194 443 3852 1747 344 4050 3959 1900 1319 2655 3129 3708 4385 2974 2094 1994 3074 665 2576 3395 726 3362 4512 4038 365 1459 1842 2634 4583 3063 1465 3753 3505 612 795 4530 638 730 2407 1956 3384 1512 958 3745 4485 3051 1715 2854 4398 4291 2225 1100 3629 2713
4368
91 120 1358 3210 80 66 338 2839 2797 736 253 3884 517 1726 225 3660 1321 669 1872 4340 997 2565 4208 3138 2921 2539 522 2526 3571 3051 4337 2606 3170 1198 1447 3121 1263 1656 1463 4059 2391 1715 3574 2780 3441 3671 1943 265 4211 3686 236 711 1754 76 3849 178 2486 4242 2575 1688 2924 2543 4293 1598 3740 1243 350 634 2899 1813 197 793 3399 3642 3444 2343 2944 1018 2608 2658 207 2715 3369 1960 2790 2721 2137 780 2594 343 2339 1022
3869
99 506 288 2414 3437 3505 2457 1777 734 1013 950 2981 3655 335 2739 3076 3129 2010 1232 2663 3583 279 805 2314 1822 2817 3120 3578 86 808 3540 1426 1313 3827 903 881 527 3359 3590 2193 503 670 1304 1221 1937 1106 428 1196 3116 2592 3859 3762 3803 794 2206 2689 674 2389 3330 760 3196 3001 3118 1573 22 151 3386 1481 3510 3106 3673 1076 839 1108 3229 3708 2213 720 1034 2392 3311 1956 2284 309 3683 620 61 487 73 3390 2179 3268 3454 1427 971 3476 2511 487 2020 2151
4701
61 1922 1951 971 283 3951 3686 1627 3075 521 4691 3530 3316 1865 4353 756 1143 1014 1123 4299 1400 2749 818 4214 4662 1460 4517 3933 4602 2849 33 1821 69 1983 2792 4018 198 742 943 2239 1262 933 33 3543 2797 4386 3264 2905 4365 4387 1469 29 1400 2286 4243 326 2711 3024 3225 2612 137 3257
4998
95 147 2891 1131 2612 1086 1984 1145 4251 2835 515 4146 3876 482 886 4264 4373 588 713 3894 4750 335 223 2545 1547 3854 4758 2250 1157 3118 3716 4469 3264 1608 601 2892 4707 4598 4036 3960 2435 1566 123 3326 2048 3022 4605 1422 3609 319 318 377 2667 2554 4935 4214 3424 4694 1465 1596 2814 2196 1066 3093 3804 3681 986 3512 3280 2037 4487 2730 619 4610 3071 2666 4647 2677 1103 3258 2995 3434 650 664 3004 586 1893 3443 2296 373 40 2125 2569 3119 2233 1374
3888
93 1290 1162 1952 519 2557 2672 3792 3334 424 1011 2119 1993 1168 564 2555 2088 590 1892 2209 1985 2738 2174 2719 2974 3036 3711 104 131 2984 1922 2620 385 1803 683 903 3079 3354 3415 2525 2498 3145 755 602 424 38 1877 1231 628 3768 3440 1332 2617 1725 162 422 3480 2593 3133 2331 1688 3775 1062 792 409 1744 414 3488 3818 3828 844 2427 3084 1598 1748 2227 356 3624 3458 3591 3503 3009 1034 951 3453 3803 92 1765 2507 1945 207 2914 1831 1268
4822
95 1906 757 4800 1508 141 1168 300 3002 3793 558 1238 2014 2153 1061 1023 2579 326 2435 1559 602 3718 2130 2991 2559 4739 2082 1951 2201 1144 4021 3651 1924 4777 2502 3431 3792 2544 2605 1971 1514 3162 3209 2401 4188 3143 3424 1945 3468 1036 3503 2944 3627 4506 1112 237 4423 2068 2188 1801 2085 1386 4325 2882 214 2005 1491 4005 4548 2969 28 113 1308 3236 1388 4370 430 4811 1492 3897 4720 3868 2018 2398 3552 2004 2635 2026 2945 3696 3826 207 3955 2202 1963 4168
4491
100 2958 3265 4004 1161 3882 577 523 1801 1248 4390 2339 1807 2529 1944 2313 1637 47 295 3777 2399 432 3510 1260 351 598 865 3896 737 1878 433 4160 344 3974 3949 1504 3641 34 2304 950 1559 2202 3566 3642 239 1018 1740 2152 1064 2034 1438 3739 2465 733 508 3092 1607 1649 2497 2620 3527 3206 2565 3870 2688 2022 1160 2114 2055 3463 3064 3890 1173 2138 3040 1688 3432 289 3839 282 2599 1062 4020 850 1794 36 3941 3400 1962 2223 1528 997 1214 4092 652 3901 1899 1811 1524 4231 1059
2433
100 245 762 538 1617 1205 1029 670 673 1339 883 2005 2092 151 750 1126 675 1139 1927 1253 376 1197 706 2158 1042 227 103 42 1320 1686 1365 2210 1930 2126 1683 1113 2266 278 1783 506 552 232 1446 1579 1751 2195 271 1362 2270 2197 181 212 2329 2255 1305 937 1418 1407 978 1673 659 1278 385 1524 971 2067 204 803 1280 922 244 767 89 1690 2345 1840 1451 182 768 223 1314 2317 1803 145 1075 675 17 1428 2081 994 667 1676 1208 1051 766 2178 2053 2338 1916 899 2195
4068
90 1979 788 2698 2700 3927 2432 1414 3592 3037 2219 3890 3423 22 2278 3448 3488 1151 2129 353 809 83 484 1033 1976 569 2274 2690 928 3261 3806 744 1172 1873 722 1151 1732 433 2564 1255 3470 2063 1076 104 2084 634 3552 1504 1784 1612 3204 2592 3043 968 904 950 1536 3178 919 3811 2370 2004 486 821 3877 1207 1971 1540 1640 1815 74 1041 3877 1149 2492 1892 1782 1975 675 845 867 1159 717 3909 2126 1620 790 3661 2077 3056 3403
4486
77 1645 782 1548 305 3751 4398 1532 3131 2033 314 1022 1977 2209 2433 3740 3501 1026 2961 88 2201 1876 1616 816 1495 1764 104 4241 2743 3915 792 4103 1073 2014 1165 1817 1278 1516 3788 362 3548 55 1384 1478 2703 4256 731 1718 1235 4132 2245 3436 1961 3860 4251 3456 1577 308 3650 4320 4222 395 3936 1248 2408 1054 3504 3686 3009 2805 1 2510 3299 1384 3987 1515 1153 672
4446
98 1375 1214 3382 1464 3663 2450 1402 25 209 990 1356 605 3764 3899 2528 4107 1907 3221 768 392 2928 101 3431 695 4210 1513 3329 4111 2363 3858 1188 3737 1667 124 1796 883 3615 4240 907 419 1825 3305 1023 1142 2757 147 803 217 3367 2612 609 2890 2713 4039 180 2476 2147 3509 3182 1105 3962 4370 1438 2224 1089 3233 3106 257 4068 608 1717 1447 3912 2740 2588 2223 2886 4432 3481 2848 2598 4089 2334 864 277 3555 4381 3465 3659 3117 124 4216 4082 1561 1993 724 1389 652
4360
97 3136 606 4304 320 3849 4057 922 3291 3954 334 1225 1770 3119 2967 1712 3810 692 1895 2683 445 1083 3527 1711 3830 603 3373 2691 2015 3524 851 3583 1771 929 2999 2090 4249 2167 2483 2652 1760 2817 3876 3002 1047 2482 353 496 2645 2248 3178 3090 3330 1817 4272 2272 2419 3284 74 73 2447 924 3128 3689 1324 1766 1418 1213 3932 3901 3864 803 1829 3379 3804 2875 972 4157 3370 3616 2044 1659 1817 485 3475 1728 2756 1005 651 2829 1078 2569 3225 4205 1897 188 1082 2787
4406
98 2743 2903 2132 1271 2948 2729 3651 4204 1474 3565 1632 4039 3447 4404 3964 181 3215 1310 2968 1214 1933 972 1235 3752 2562 4125 2465 3412 180 1924 3496 2922 1172 1974 538 465 1048 4188 262 3273 4099 2645 2906 3891 2643 2463 4072 1451 3772 3385 2665 2051 4357 245 2148 2512 715 207 2269 894 2130 2111 162 4053 4084 699 112 1477 1233 373 343 925 3018 3248 409 2006 1304 826 3456 1422 4211 2466 4224 507 2711 1965 3018 3425 2171 1632 665 646 3742 826 293 4171 2276 404
