100
4677
96 2387 3871 3813 3151 3147 577 2048 665 2487 2231 2425 3903 513 2838 1240 1423 4045 864 3715 2404 741 1192 3465 3341 3961 4677 1044 311 466 4671 2872 2852 2183 2007 4320 652 901 1690 1317 3388 2238 2059 931 1068 3215 2170 2491 2582 3034 4523 3303 2092 1038 2090 3750 3316 2089 3112 1945 2555 3105 139 3724 610 463 1685 1262 1364 3374 896 3069 3930 2954 3999 320 1491 1492 1128 2390 2843 974 1016 3252 2011 3105 2325 649 3512 759 2593 4384 2181 1049 1748 1109 1512
3831
92 2747 3712 2968 1509 361 2781 3106 2373 1390 3120 3553 408 3414 3713 2122 1971 3271 2717 1583 1901 2561 1459 283 1729 1009 3695 3231 588 1736 440 1915 651 2877 3608 885 1963 2558 2716 505 116 730 2783 3080 313 1390 97 1009 829 2813 2592 1456 269 2776 1738 1997 2510 327 1396 1823 788 561 2463 164 2164 2240 3606 295 966 2490 3356 3638 1946 2308 1613 2258 3697 1709 3266 3252 690 752 3433 3515 2254 1339 1680 932 391 1802 2755 3736 1088
3162
92 983 1563 2166 814 2167 1590 1271 210 1119 3058 1608 120 2430 1862 1611 470 2660 2584 702 1334 2237 2154 3024 2840 1882 2508 1422 1563 2303 2076 933 1424 476 3098 2237 780 1525 1646 989 2643 1541 734 900 808 2595 2510 1277 230 69 116 1563 444 407 2724 121 2288 2070 1542 1988 2510 455 2920 771 931 2855 1146 1710 2518 2791 837 136 1169 2870 1036 114 2303 1683 2690 2532 3052 2805 2233 333 49 1794 1753 474 2001 132 2461 1349 1887
4756
100 2768 3348 4367 4404 2802 810 1740 3266 1155 126 1009 3841 3370 308 4041 2570 2015 4474 3581 3047 4037 3346 1071 3037 715 1068 1733 3595 2360 2772 4372 2916 3907 1771 351 1953 2580 4634 462 1522 2547 1470 3150 3704 1777 222 1517 1579 4695 342 4625 1763 1475 3484 2587 2189 2339 4320 3571 2486 2335 974 645 1485 2744 3540 3437 567 1205 1686 4632 3752 3155 3026 2699 2720 3247 2004 4298 974 2345 1955 2736 1607 682 567 3795 3020 2674 397 749 252 1370 3938 4280 4114 509 2961 2468 1713
4843
100 1076 3948 4172 1904 2594 2323 4153 2167 459 4613 3981 3132 1894 1900 1728 7 2363 3162 3782 13 2063 2029 4655 2506 4440 3494 2816 2848 1937 3620 3933 3012 2136 3262 72 4142 153 3636 1465 24 3405 15 3155 4710 1326 4294 4128 3688 2024 3066 3112 4086 4506 2923 1748 4102 1573 3975 2106 2921 2751 1196 1089 44 3869 572 4185 4021 4207 218 3456 2180 4487 1767 1458 969 629 743 4656 2653 3220 2925 1307 2883 416 2467 2141 1401 1598 3659 4321 4349 4266 567 3804 3291 1138 2557 1880 4757
4573
93 2280 722 1275 846 970 4493 3389 2596 542 2797 2825 1865 4561 4293 1718 2208 3018 1574 1603 3894 3292 3687 1046 1784 1429 4277 3094 3780 2179 1325 2562 4458 3772 989 2455 1893 908 2995 4489 3174 1218 2740 465 2931 4185 3907 2290 2629 2633 3892 3675 1351 3006 147 3134 1586 1575 3380 2517 3753 1856 506 789 1054 3219 3243 2947 4126 1664 2862 4452 34 2753 2068 2964 2364 1402 680 2145 1186 4572 2971 2536 156 269 2821 1741 1843 1627 4257 2747 3483 1914
4940
94 4595 2481 1565 3888 2292 1945 3716 4317 1990 2046 4025 580 812 3119 4293 1560 1074 2790 1657 1307 1549 142 3803 3043 1900 2529 1086 2530 1240 780 2370 894 1832 2506 3353 2695 3023 2128 643 72 2745 3239 4163 3556 1417 3516 3688 2490 4877 404 2369 1485 4057 4743 3099 1016 2331 2756 2117 2142 3535 3059 1607 3938 624 19 264 2218 719 907 2289 3463 4145 1512 2079 4134 3599 4338 1683 3535 3313 2623 79 2429 2425 3177 2016 3328 993 4132 4041 3099 2250 708
4072
92 2550 2680 1147 2940 3666 3748 1236 2094 3749 405 273 775 1995 1246 1774 994 3980 2444 627 2706 2245 2786 3184 138 2690 202 2643 350 621 2223 337 2738 398 1483 1605 3632 1158 2840 1221 403 3245 1493 745 1167 2306 2518 2161 2213 889 2355 415 2701 637 3166 2407 3326 2935 977 3676 3555 2767 3580 2221 3164 990 3393 2291 1715 2161 3079 2117 901 500 2430 2067 2373 875 3795 82 1332 1646 64 4032 2282 3229 2366 1535 1659 3342 706 1142 2036
4448
90 1344 4313 1534 4159 2564 2241 1751 595 3669 2233 1647 1938 3496 1323 3801 3057 3938 3139 3874 2353 951 36 2968 855 2621 357 1254 1250 2005 604 2982 3348 2324 1923 3058 2296 4163 2216 2890 791 4448 88 137 3495 3266 3937 3960 164 36 3385 2516 2842 828 2891 3697 3448 655 502 2106 2659 2961 2495 1558 2693 4417 2023 540 4132 1646 837 2330 1646 2780 2466 2548 3454 1955 2059 3617 3846 2851 3540 2239 3678 1982 1487 2678 45 3844 335
3446
87 2267 855 267 3018 3093 2441 2841 908 1538 3097 737 529 2035 2055 1474 991 86 2613 3345 2021 2118 816 2103 2160 1515 3248 2808 1853 1301 1316 3107 122 2171 1452 3139 3341 446 611 802 61 261 1538 2113 373 1671 140 1364 1756 2753 1262 330 2948 155 511 3186 1670 312 2547 1600 1613 1941 1261 3258 665 790 1028 559 1235 1638 2884 1295 3422 976 1485 349 724 1625 1712 2479 2455 1051 2808 34 1205 1396 3219 952
4844
57 4750 3577 1414 46 1569 4407 2813 2756 4292 445 4237 700 4668 2813 1399 2814 128 2016 2511 2817 3063 3745 4593 773 145 410 4405 3832 3917 1495 3011 3822 228 1608 3867 1796 1170 3863 1735 2645 1491 1128 528 1314 1124 1926 1312 3279 1126 3822 1251 4188 4750 3027 2144 2078 3437
4883
97 1224 924 1117 1503 4806 674 4118 3523 712 3962 481 3571 1775 997 4649 502 4371 718 2701 3446 4777 1039 4659 202 59 3648 2034 1797 3615 1667 3300 4839 3746 4416 2614 3668 1363 1848 2307 2074 2082 3944 1918 3856 1213 1683 631 1856 3556 4487 418 3449 642 1350 3651 1856 1270 1957 3652 2 4779 2069 4840 3641 2757 3726 3582 4119 691 2161 2466 3928 2377 4383 4057 3589 2338 960 561 2166 563 2135 732 2360 3484 655 4215 4753 3767 2984 4754 3662 1325 983 3575 4081 4709
4482
97 232 506 1303 1072 1064 1168 1077 1 421 4403 3482 2517 752 2478 607 1676 857 2863 1470 3583 1175 529 624 1797 130 701 1668 552 1946 86 793 2177 13 2095 2671 499 3262 3169 499 3104 3089 3402 1138 3262 819 1744 4359 1675 124 1346 198 721 1874 243 1939 1425 365 3606 1398 2310 3113 2190 3909 2548 3707 1519 3046 2486 205 2966 530 2715 1307 1667 916 2125 2833 792 3800 2378 2137 3419 2520 3432 3661 4459 4278 4026 3004 1194 1275 1057 2805 701 3604 2029 2219
3669
91 2198 2026 1440 1597 2504 862 3053 180 2897 1246 1284 182 2404 489 418 1783 1862 1137 2 1191 2859 920 3605 3205 1183 2765 1408 566 1080 1202 2402 5 3624 173 1602 2856 1034 985 3035 658 2230 1046 1236 1361 1534 2051 3143 124 3187 3541 1314 2773 1188 1646 2705 2768 1138 443 61 2217 2042 2463 2618 1996 3032 550 1579 793 1931 945 1848 491 1990 3083 2249 252 1464 1722 375 1378 1991 2085 878 3575 61 3582 2673 1198 753 2734 142
4843
91 888 2672 1191 212 1693 2753 190 4068 1203 2490 2270 690 1905 1512 426 512 2887 1067 529 2509 1497 609 1397 1158 3960 4816 1641 585 1190 1323 2816 1489 3994 4006 1701 256 1915 1302 3735 3117 3791 1161 3218 265 2672 3055 776 715 4122 716 2635 187 1324 3443 1344 440 3415 2984 1024 4016 3719 3251 74 2281 2414 1774 2536 3740 2487 1427 1426 846 2587 4643 522 4670 2855 1297 4796 2133 1424 1999 2319 2748 598 3074 3187 3424 626 3623 2009
4945
99 504 3535 644 774 4190 4008 531 3001 1714 2874 924 1956 751 1905 3267 3829 1276 4329 4406 731 2065 2576 2620 4189 239 3900 4338 4104 4656 1724 616 1497 313 1260 3552 839 1604 419 3839 4599 3293 1100 2891 380 3004 1212 4208 616 1878 3668 2629 3942 2580 303 4467 2818 539 196 1976 1532 1919 3873 3028 2231 1469 2916 4351 4355 3335 4527 4008 2964 681 3236 3343 21 4447 2605 637 2661 2609 3265 1657 1525 4849 2460 4342 1725 2656 2654 3256 911 2863 2620 4424 4332 590 3829 3741
4800
96 2912 662 2897 1691 1166 4652 2670 3247 4750 2061 3934 3727 1908 1057 2607 1857 2020 4383 1063 4360 1187 4488 3749 3106 2013 1516 1709 2220 1804 888 4632 2667 1549 2728 2309 2715 532 178 1161 481 190 3046 2159 2097 2055 4765 1906 4074 4348 2968 1585 3486 607 534 1792 2619 1 1452 2791 4556 291 2622 374 1840 550 2682 2506 1081 811 1618 4313 1001 4664 1671 3097 1918 1636 202 3943 3935 1121 727 572 1728 4012 315 2298 1965 1767 288 1720 9 862 2094 1848 1411
4228
99 3345 1808 3382 2128 3642 728 3382 2191 2221 4044 2714 1711 2812 1026 1053 1661 1435 1337 2310 1489 243 2691 4102 2891 3300 1237 31 2098 3762 990 289 2878 2797 3670 2889 95 2282 2042 2285 2386 1858 771 4096 2553 3908 3033 4214 1114 2253 179 486 2496 2869 359 3270 4053 1595 1185 4034 1128 2174 94 1890 743 3764 550 837 1817 476 1005 2086 217 3887 1953 2769 3566 2869 2754 451 894 2933 936 3389 3685 1294 314 3509 773 1498 3315 4012 3672 3408 1673 2298 827 107 1018 527
3787
98 2712 1905 5 715 259 2450 2636 1185 1605 957 2542 782 2573 191 2658 1452 190 2909 2185 3210 3176 1037 618 397 937 2061 499 802 1148 307 2786 72 1292 2790 3654 1551 533 2502 1816 2137 2539 570 2918 405 3628 1788 1856 31 3778 254 2321 2247 371 2019 2643 1307 293 2223 2108 521 2529 187 3460 33 2976 3327 664 2590 2041 2479 939 3661 2130 2938 278 1051 19 2134 1081 2877 1468 2482 1336 1838 3582 192 2225 87 2414 545 3475 236 732 3147 3136 2788 2686 13
15
4 3 4 7 10
4975
74 495 1202 248 3237 3841 4668 2120 163 659 3497 2258 1257 3426 542 2172 3415 3546 3008 4341 4170 4739 1503 3111 1983 1822 4183 3656 4083 2544 1662 1079 3039 2863 1303 1300 1706 973 3396 1868 1608 1917 4125 2842 367 4644 38 3759 3214 3022 3101 2408 2763 4603 521 4745 1426 4703 3403 534 2249 89 1589 312 2929 2892 1611 4634 3841 8 1526 473 1924 653 3291
4161
88 3085 2306 3630 774 2894 1146 3734 145 3842 2080 3173 2953 2596 1032 4038 3018 3867 3430 1883 2197 3164 1805 1894 2504 2509 2524 606 2340 1971 79 1058 1024 2384 526 1797 1246 1801 1499 1390 1482 3708 532 403 2143 1563 280 999 1269 3709 3012 3595 2842 655 1457 1184 3163 4111 1789 1471 1920 1997 2528 3073 349 3183 838 1594 952 2336 3113 2563 2013 3644 2966 4155 1046 3245 1122 2444 2922 4133 1877 1602 626 3334 2915 3918 3283
4970
99 1109 1914 3055 2248 2911 544 985 4511 3914 2402 3386 2024 4252 3972 12 263 3330 377 3730 334 2087 2882 1730 2938 2772 2912 3660 2587 606 3757 4633 1715 4352 1399 3962 975 624 3629 515 4537 1060 2583 272 3993 1584 284 4255 3595 4312 1697 2611 1428 4578 4340 3047 1061 964 1737 3647 1569 4175 1991 3283 2239 2071 957 3213 2694 4585 2409 2260 4326 21 1213 3348 287 178 1314 2563 4490 1692 3855 947 4951 1907 3994 1041 2870 4412 4687 4438 2298 389 1433 4536 2459 2389 1460 182
4968
93 276 1171 1176 124 501 1161 4689 405 947 2545 4754 430 1666 292 622 4649 2704 2402 3558 3115 1006 3999 933 4547 525 1124 3687 1006 1495 663 957 707 1833 1068 830 1270 1164 4454 1674 2110 2031 395 1476 3696 686 1033 2312 2326 2371 901 472 3376 3835 340 1890 3295 1463 608 3236 1893 207 4192 2599 975 291 2365 2244 391 1850 2854 2500 2816 3248 2911 479 2870 2880 2791 227 4186 2627 4602 2593 430 4941 3419 3724 371 2962 1992 1199 3168 151
4483
97 2890 193 4303 2782 4168 2135 1023 1681 3511 452 1769 1243 2900 4422 1335 761 2282 2089 474 2059 2315 2591 2902 4196 982 2381 1359 3612 3601 2012 3115 884 1080 1810 3665 4123 3945 204 1321 1848 4015 3089 1966 2431 1903 3300 2067 4185 4265 1416 636 972 2882 2413 684 3864 310 918 1868 2786 2929 499 3669 4009 2309 2850 3648 646 1930 3844 2493 337 2450 4458 1643 3228 2150 2585 2929 807 4000 2440 1779 2398 369 2462 654 678 2256 2522 2340 701 1896 1525 3585 3080 3251
3641
91 1565 2907 2435 1339 3082 970 214 25 369 3606 2274 2447 1233 2245 341 2962 1299 2967 2851 481 1651 3637 1956 1160 1577 2786 2313 1452 1640 2100 2710 3205 1363 1503 902 802 2472 1113 826 2838 1077 3097 1644 2309 1699 1984 1627 2997 1307 834 3478 2958 827 1792 476 2404 934 2786 212 2574 1242 2921 2135 2605 782 3034 3406 3251 505 588 2448 1579 41 448 244 1739 2431 1868 1093 97 2699 929 3052 3526 2718 3527 2286 9 2669 2497 2580
4694
99 723 363 3650 1826 3214 4462 541 1350 608 2194 3976 1993 2912 2290 4591 213 4511 3404 2815 1445 2456 4270 4011 2558 3873 347 2960 2813 1682 3139 458 287 1383 1989 2112 4597 1756 2652 3828 245 152 991 2237 945 3280 15 1157 3096 1300 1853 2423 3755 1429 1739 1619 3183 4661 2460 1301 4225 905 4334 2393 169 1628 4504 71 3383 344 1780 1509 495 2770 1627 4015 1356 1641 3053 2333 2940 211 2637 4577 4215 2257 1501 2704 2224 3960 1886 4330 2746 1526 2028 2915 3153 4413 867 4418
4142
99 2867 3642 3803 2820 1501 3235 720 3871 3101 856 3798 1536 2368 3837 3406 1756 2180 1906 3387 3314 563 3969 1888 2059 2410 640 3802 1335 3276 395 4000 2000 4037 2042 3202 3919 1134 2303 3647 92 3158 1684 1627 3907 1379 890 1521 3558 1178 3289 1111 122 3115 1381 2181 3906 402 222 1099 3677 616 956 4059 510 2997 3118 2810 2512 3802 697 2604 2818 2380 2612 2582 2140 3502 2484 4080 3061 13 1048 3182 3127 810 1220 1273 1211 1441 2371 3270 439 1708 3186 3472 3086 543 2140 1455
4773
95 2811 4098 3732 3561 59 1082 2709 1963 1611 3841 3109 2651 100 2148 1897 1433 2951 1276 1960 3127 4768 2964 2882 2933 3956 3872 3262 323 1118 290 594 3928 3218 3156 1547 3276 4238 4255 465 4679 2153 2405 2556 2252 4552 3284 2516 1560 3390 4475 3518 3384 1497 457 374 4283 4328 3635 4605 673 2756 425 4600 1200 2412 204 4476 707 4458 3771 612 669 1402 1999 2920 12 509 4266 402 3898 3968 3919 1339 691 4375 1712 3804 2761 574 3635 2264 3329 2891 921 3359
4177
96 2743 532 1530 231 3793 1954 4096 3517 1116 3276 2878 3322 201 4139 1304 1810 634 2690 3942 320 4122 1069 472 3760 11 2767 1848 3001 3077 1218 3220 1642 1518 572 1872 902 2295 1559 242 3179 657 3119 2323 627 2849 3627 2205 3483 1908 1970 3571 1852 2807 4042 1435 2586 2631 3051 1410 1530 4037 221 3171 1377 562 634 2279 2856 2193 2520 1626 2618 1461 3949 3013 4078 3167 1041 3383 897 2779 2777 2517 1408 2410 3951 3763 864 2824 764 2162 2683 984 925 3829 1314
4917
94 822 1173 2892 2481 416 1473 2062 2512 295 4672 708 4669 955 2003 1939 4367 436 4566 4461 1022 2238 46 2345 3006 3125 3163 1051 3939 1253 4201 379 3425 1807 4622 988 2223 2528 4400 4734 2822 588 1876 3925 1543 3878 946 2343 747 1945 3237 3120 4182 3283 547 3621 2841 144 1105 3214 1396 389 3592 4820 3546 3296 2241 851 2258 3074 2019 162 3661 328 520 1637 639 2816 3979 2736 4761 3650 2289 459 3366 2836 4080 1289 4330 267 4502 2159 2006 4528 3412
5
5 1 2 3 4 5
4737
100 236 1764 1439 2610 2 872 1402 4493 1445 1688 4631 1451 3128 730 2914 4219 761 2264 1083 2913 350 295 3371 1729 2581 3414 2457 4714 1700 3458 1780 4078 2627 3218 1951 2628 1495 758 2383 2939 2445 4419 1795 2978 2554 2115 4602 3314 1784 948 3633 2134 3385 2266 3862 1228 942 1581 3347 48 2444 2532 4125 333 1012 3481 366 4649 4238 155 256 1945 1979 2051 2328 4533 1571 2193 515 3354 546 1553 750 3930 3818 2018 420 2166 3598 1172 4356 3448 3703 1149 3780 2120 4630 1552 2031 4130
4682
98 2643 1707 2136 4150 3983 1685 1326 3334 2967 4623 1516 3966 32 3615 3021 640 1 1242 2575 2572 1393 4378 4371 2602 1505 2177 169 3156 679 3758 1680 3322 782 3815 2717 82 746 3970 3344 3712 3910 105 2995 3941 3719 1261 4509 3720 2502 2401 1537 3822 2096 1153 1742 3600 3257 1838 2002 3936 913 3681 2503 1622 2741 465 1704 3486 4434 365 2515 3590 469 755 2776 4116 2015 2602 3081 4444 320 4617 3584 2416 1087 571 1261 4343 2408 3262 3524 3248 2188 1344 187 247 1808 1890
4914
87 4755 1799 1701 1991 2981 3959 3126 2491 1104 1573 4832 1386 3340 3739 4572 356 2634 1286 1609 2472 1478 3286 3217 3658 4028 3434 4899 1672 3851 152 3972 3692 1951 3907 768 17 2951 2127 741 2288 3699 658 3673 359 2630 1565 3862 350 2850 3704 1055 2561 2076 4271 4453 4337 2791 4437 1095 4875 4589 3300 3652 4773 2292 2653 4789 3477 4780 616 850 1798 4421 2757 390 371 4321 4251 3868 490 3041 8 1285 3350 4279 823 2772
4571
99 4255 2140 4339 461 2738 1035 3572 3853 4411 3289 2984 2583 2826 1406 15 3089 1488 3647 633 4162 2873 1648 860 2673 947 566 3076 3293 1928 1257 2419 1611 2975 1764 2072 1141 2799 650 4571 2216 3938 2984 228 2192 3967 4391 287 883 3466 497 474 1768 2145 911 4018 2669 1055 2522 1390 2982 3356 3386 4171 1759 157 1671 2477 2533 2320 2477 177 1264 889 4553 3455 4433 4373 3742 745 2845 4238 796 4190 1389 1284 3636 4057 1916 1586 453 4476 4520 3417 4075 1707 3573 752 4184 1534
4273
100 2615 2650 2252 1952 1889 2142 1166 1841 3882 596 500 705 1874 862 875 3264 2502 1816 3966 353 2144 1647 1067 2847 1413 2728 30 2470 2680 3898 377 3256 237 590 935 2125 2731 62 1927 301 657 2426 1005 492 1249 4114 1717 1712 1656 1409 26 1761 1017 1092 335 2429 3820 364 2861 188 2223 3237 3443 2459 1788 2339 2545 245 2400 198 2780 1018 585 3784 3744 4068 1586 1187 1506 3241 557 1532 729 1574 2623 3298 1964 131 3661 551 318 3845 3787 1723 2031 1301 4061 2537 3780 150
4382
93 1567 1346 865 1970 2529 4236 1298 2272 1464 3680 1980 3598 3007 3781 1889 4005 530 3087 3068 1586 3022 4267 891 2238 427 2196 2154 425 2531 2081 2939 2807 3427 3803 395 283 2366 402 2555 3829 4081 3244 1754 2705 1353 3643 1038 592 1057 4105 2178 4079 2699 1778 644 3125 2683 2797 2260 3923 496 3908 2347 2632 2038 1451 2914 22 1852 4178 3850 1551 3040 4314 2965 10 2284 2712 601 3340 2435 1488 1746 751 1975 2390 2586 275 804 3555 4197 9 3080
4965
95 181 416 1326 4153 2693 928 3021 3166 164 3389 1653 3504 4924 4067 1369 4458 3260 3838 3273 4901 2652 831 4875 4501 3371 1722 1055 253 338 3742 4679 519 2169 1039 2683 2873 4943 3715 4051 141 2139 3715 1656 109 2816 3024 2578 4088 4874 886 4023 2560 4693 1944 107 3098 3666 4138 1362 4003 926 1075 2533 3094 125 250 3979 102 3965 3064 3220 4115 1813 4875 2235 4628 946 4812 3750 854 3709 819 3413 3436 2763 3519 1568 4440 703 942 3477 1629 28 1045 2734
3892
96 524 2825 3728 131 2805 1515 1219 1738 1937 3334 2045 3395 2728 1497 1494 2996 693 3463 3733 3409 3128 1315 3411 3198 26 3620 2324 2126 327 2180 1970 850 2412 1806 2280 1325 728 3498 470 2664 2939 2514 2167 3074 1418 1068 3478 2111 638 726 2927 1173 2040 3745 1779 2065 880 210 1598 1207 2389 3568 3356 2208 2781 1744 3532 916 1349 109 3580 1696 31 3154 2177 1448 329 1762 966 2267 2487 1300 847 1934 1152 2625 107 2032 2834 3004 3238 2630 2679 109 946 2867
4861
100 4093 3913 836 1580 2773 4726 1821 3402 1022 1770 10 1366 2748 3899 4746 862 2021 3709 614 4655 1374 2433 2853 380 2675 772 3461 1505 4530 3404 4442 2971 1665 4487 3760 4437 4352 719 2977 512 2489 2196 1087 375 1233 971 1236 2463 3889 1059 1466 401 3491 4319 780 1304 4300 3450 2018 3178 1992 808 1287 3657 434 186 2442 3995 904 4629 4506 2602 1173 731 2976 2406 912 3421 4078 4800 3689 683 4411 1528 4211 4400 2041 3649 2989 4058 1966 4190 4076 3252 2195 3719 2647 4637 2852 3551
4924
92 2054 4631 4054 305 4156 2906 2607 1534 3963 2112 3758 1377 2827 4440 2962 638 2028 416 4676 2443 1717 3010 993 1875 709 1866 906 1489 3409 1907 4074 1314 1613 3204 2394 1620 1185 852 3154 224 2964 2763 2376 1642 2278 413 3055 157 1604 3583 2599 4097 1668 4368 1047 3152 2085 1952 4641 569 3858 3790 2658 1322 2845 128 2942 4806 979 1171 881 4718 4709 3256 2212 2062 4444 1118 2994 1123 4700 1445 295 2220 888 1341 447 2972 4069 939 4316 3002
4658
99 3827 3880 572 3304 2981 2783 3970 4127 2366 2146 827 148 4639 2998 1989 760 1249 780 159 3667 3047 1773 2755 1432 2830 367 3548 3741 3366 4510 3212 1284 3731 2534 4587 804 4066 2648 3680 1774 136 4506 671 116 1595 1410 4283 1593 2189 4442 602 3985 1556 3356 4166 4386 3722 3056 2218 1179 1657 4180 1212 4138 2055 1141 283 1462 3788 2712 1985 2673 2559 1406 1538 2904 2815 1163 4496 3753 946 3847 3080 1251 1294 2587 978 3765 4392 1946 285 1391 1467 1497 870 3521 1387 4560 3732
4654
93 161 3175 1754 3227 2456 4382 3457 2671 1917 3675 199 949 15 2725 502 3620 4083 1589 2853 1846 3554 1728 3726 4232 3800 3017 280 504 879 224 4363 1039 1008 3726 1875 1074 3453 678 1354 2979 4352 1552 3928 1977 4277 2039 3206 1315 1238 1404 3160 2401 741 4496 1979 4540 468 2258 2654 1346 91 4626 2384 3363 3698 1868 4436 106 2545 3399 3085 4507 296 2358 4093 2182 4396 2644 3497 3243 1658 4266 990 8 4107 2968 4548 4574 2835 157 1265 535 128
4383
92 1143 2503 1422 2216 2829 2356 1285 1835 2535 1688 2489 3693 3963 275 788 1326 2759 608 1881 511 485 3257 4350 2917 2919 1347 4271 1925 1502 1566 3419 2645 1951 457 2743 2662 2812 4027 113 3229 1332 2601 422 911 2876 1209 119 3517 1816 2000 4027 183 3139 1876 982 3941 3222 869 1482 2607 317 517 868 150 3239 1493 2812 3934 1136 2924 662 350 1142 1083 1261 1900 2291 1379 3299 1989 1261 825 2172 17 2700 3153 3957 3805 1905 3321 2028 2221
5000
100 2887 4269 2114 745 4813 4814 4335 4578 4047 2341 1501 4693 1326 2552 10 4644 826 4742 1195 3427 83 972 335 3485 3811 1813 3220 26 1926 2634 1298 4813 3254 4763 1909 3067 4577 1243 3996 3623 4936 1848 3316 1261 4399 4677 2257 1576 770 3451 2 853 4422 1688 689 4584 3501 260 4609 426 2894 906 1590 1147 669 3498 565 245 1093 4560 219 1028 1407 4886 3640 2158 4562 896 85 332 4346 1439 2536 3767 3126 4576 3350 2978 4836 4310 3404 2729 216 1345 227 2236 4843 792 2480 2287
4766
99 4557 3668 27 4505 558 517 2743 2382 4205 4481 2792 473 3489 688 1861 883 3413 4704 2850 2181 1443 4592 2359 4078 3628 3400 3285 3698 41 2746 768 4293 1343 794 4032 1901 1006 1704 3978 444 1114 1699 917 4602 2386 2777 718 729 2411 3263 2909 3549 3088 197 2556 1645 3293 1074 577 3029 3515 1040 2555 92 1834 1516 1688 2535 3219 595 2979 4332 1989 3591 3863 4374 1297 4581 32 3707 3077 2636 2185 1095 2833 4740 2435 1055 743 3011 3779 3954 4051 1263 4045 814 2779 662 3348
2760
88 1778 2424 1858 1248 1218 2569 1067 207 652 89 2465 806 666 1018 2630 1890 1862 466 668 2684 221 925 1767 1281 1307 808 1148 1115 889 915 2720 498 1170 2409 2338 2387 50 644 425 701 1325 130 2098 2582 1739 1967 1711 840 265 211 763 1077 1727 362 2358 273 1761 745 1387 481 2251 1939 979 661 2179 1148 287 2228 2383 712 760 1539 1433 98 1361 411 2656 903 1250 160 1113 2605 1237 80 206 834 944 1966
4672
95 2310 4099 3506 1246 3749 3206 1288 341 1142 2036 958 3866 1342 2556 1479 3108 3817 192 1916 2294 1525 4335 3102 1801 2795 143 3559 3066 4354 1486 2898 1991 2065 1731 4389 1141 264 2156 2633 2557 4191 3590 1751 2012 1474 3229 1600 1770 4573 4667 4063 1425 4329 2492 3225 3603 3786 3264 1996 3468 1229 221 1938 3293 3104 2806 914 4519 1442 3546 2404 2112 2464 4154 604 417 3862 3355 2186 242 3349 1576 2819 3005 547 1371 3087 812 1114 410 759 2343 1783 2697 2115
3621
97 2052 3135 713 2413 2097 3082 630 2331 1473 3489 1658 3148 2607 1077 1206 3109 3367 1193 2062 3008 2363 698 2753 2355 623 1425 14 3169 826 1021 2429 353 535 616 2765 2631 1173 869 1340 2645 737 473 2171 818 1549 852 306 1294 2044 3463 1776 785 539 908 614 1161 2332 628 1805 3157 1648 612 984 3278 2324 127 2287 3496 2092 1102 3615 303 1574 2164 1120 597 490 2521 1890 2533 3458 1141 792 375 2048 1406 2632 1854 3129 815 2485 1155 2522 3469 1908 1224 1070
4763
98 3203 379 1572 3128 2374 36 1895 1573 4397 4357 1331 1541 1415 480 1988 572 1922 1929 3184 779 2679 3690 1858 2539 19 3922 805 3389 2607 4024 4593 1046 276 1401 4173 2649 2072 1940 94 1706 1534 1424 3246 3584 1903 470 4155 3824 3035 3212 4602 950 2774 2333 4124 2792 1491 165 2054 4097 62 1883 1015 337 3920 1060 2985 1228 2999 3714 3569 405 374 2052 3988 2913 3157 4016 1973 2064 3100 2448 3649 1110 653 3010 4538 2143 3810 1828 2112 3871 4346 3126 4207 4138 58 3064
4587
98 2692 2789 4223 2879 3763 1259 935 3444 3968 3988 393 4297 4314 3635 410 2637 4029 2676 3390 3851 2307 1875 4487 2324 1585 943 808 3404 1699 4328 1524 2771 910 1160 4031 3053 799 3346 290 3148 2746 683 2857 853 4317 1647 3490 2139 4322 673 4370 422 2547 2651 2746 2512 3593 1934 1329 3673 55 2852 1856 965 2392 4267 2398 3191 3026 2688 1751 4152 1751 2988 418 1480 47 2288 1999 2749 1341 162 3171 3887 2812 4297 1812 199 1643 1521 3871 78 2753 4107 1042 558 3787 1821
4976
97 876 2026 2050 1822 1267 3130 2233 3449 1975 4005 674 369 1709 3133 143 2389 4197 2443 1435 456 2607 4065 3883 260 258 228 2611 1285 1959 984 4728 1554 1730 1801 3375 2996 4930 632 188 648 3356 862 1016 89 2714 1159 1197 1934 2321 2632 1110 4927 1720 16 3906 697 243 260 701 921 4940 452 2475 1693 972 873 3408 4621 224 2316 293 2300 3177 1308 2388 914 1186 2304 1567 3506 3655 2676 2176 4094 1411 4801 4790 1653 85 514 2574 48 4661 3768 460 4352 3360
4919
83 4907 3047 776 605 694 4498 3187 1683 1782 3146 4831 660 1643 1818 2591 2081 841 2374 3367 514 1254 2537 4477 3422 3963 498 1862 2545 3590 1059 520 3578 4105 559 4182 4062 137 1712 88 1181 4857 4918 1840 1581 1079 3694 2924 1183 1148 1371 1696 2401 3170 516 166 1476 276 2027 4020 3866 2348 3803 2524 1534 4361 1049 4858 3760 2760 26 4203 1960 24 1123 2803 1102 4079 807 2284 4489 1440 3242 1233
4221
89 127 87 1822 3806 2763 1036 3391 679 3607 3441 1915 2577 4019 3801 2132 82 3668 4161 1330 4196 3035 4185 2365 706 84 4050 1691 1547 346 1333 3818 472 2173 1418 810 714 3207 733 2147 3346 707 594 1702 504 173 366 585 3841 305 2668 348 4093 2631 2712 578 3468 2541 3022 1548 3640 887 1144 4111 3060 3315 1453 306 3054 2186 2452 2179 2892 3045 413 3395 3972 778 512 3591 1082 3179 3938 953 2342 3183 2284 1589 1502 1084
4825
100 1710 2883 2683 1476 1713 3129 1368 407 2947 133 3755 449 2205 3767 2515 4176 872 878 3884 4187 1085 4731 1720 4798 2020 1692 1697 2014 327 3935 2722 2036 1992 579 1913 3704 3708 3281 4110 231 3413 1441 3906 4020 3609 1596 1772 4480 875 830 2244 361 3962 3963 333 1156 4056 431 3170 4383 4365 1066 1593 4758 47 3506 3636 2156 363 1323 788 2177 2763 4693 1371 4774 4690 3142 2830 3966 3971 248 4326 1509 4210 3060 2665 3441 1893 4236 2998 1432 3703 2992 4592 3749 74 3402 4306 436
4677
89 1059 1460 477 3660 1584 3684 4119 1958 3391 630 3316 1482 3876 1443 2842 3438 3744 1061 1718 3802 716 2097 1757 3833 2420 3529 2021 4220 3190 4568 679 4248 1351 4150 1548 2934 1475 989 3210 188 4613 1848 4665 2129 1608 2829 889 675 2207 2606 4476 2922 26 4550 395 763 3401 2415 3301 1913 2305 2297 4478 1973 1770 1348 230 3244 654 3439 3431 589 3604 1736 2717 534 4564 1923 1208 2093 4529 4002 3332 2872 3874 2044 3634 2598 4458
4980
92 2146 4042 3065 1867 1478 4612 4138 3526 3090 3081 4030 4529 257 141 1649 340 4932 4546 3482 2334 476 3843 2987 1177 4624 3512 823 185 2809 1741 3258 4954 803 3254 3752 2280 4797 2909 2737 2906 2921 1787 2454 3178 1927 1034 449 3791 2512 3930 3056 2987 4704 2974 1095 4347 1506 1917 4532 4314 590 4721 1219 3304 4907 1902 2515 4723 4810 271 4561 4662 2057 2034 4771 916 4980 239 4706 2511 4168 4693 2429 3891 2687 456 190 1124 4284 1653 2369 4873
3872
100 3859 2099 948 1443 3675 1669 1757 62 758 3779 2229 536 2794 2103 2579 2318 1652 857 2735 1009 897 909 3347 1087 1483 665 593 2369 754 2468 3260 1860 1815 335 3302 2737 2003 1187 2799 9 2213 2275 544 1134 505 370 700 3277 1226 682 413 3243 1590 1008 457 3073 1672 2169 2689 3546 1885 2076 2653 3699 3531 3203 2563 2781 1637 1489 37 3849 1012 580 1110 1516 2069 2929 2040 543 3611 2453 3785 1328 3460 1489 1648 2379 3657 465 3172 1669 3660 1953 2615 566 1283 1306 595 2919
4860
98 335 3466 1892 908 3746 2478 2817 562 1835 4413 2190 152 2880 2548 387 2475 3145 4843 4808 4312 3052 997 1824 2617 2747 3763 2192 1639 4673 172 4117 4699 3329 840 439 1906 3010 3255 2468 4844 2499 4349 135 519 2036 214 2685 320 4748 2324 4323 2939 3320 1286 387 898 189 2270 2537 4553 2134 1485 4084 294 2017 4522 2200 4718 2608 4359 4701 247 3539 4528 457 406 4433 2833 417 4320 296 4739 2398 3308 856 2477 4205 736 4746 1881 429 1711 3058 4512 2005 4766 4173 3896
4015
95 3151 3493 294 675 174 3362 3381 2088 45 926 2846 2165 2413 3716 2947 3472 3713 1898 3883 973 3572 1287 3993 3088 1128 960 2186 89 1000 1104 3586 135 581 3880 809 755 2553 174 2169 1924 426 326 73 2838 27 2346 1621 3739 3570 816 696 3126 2102 4015 2198 3229 287 3711 2645 1286 799 1542 1420 1380 1406 1555 1461 3286 1055 3629 1194 1481 3954 594 3645 3307 2939 1251 3030 2494 1393 3052 931 3494 2379 2456 2035 2665 2151 4006 3950 2949 1532 681 3655
3142
96 2249 408 1640 2686 2865 3033 454 1996 3079 1410 2082 1155 1781 1627 1134 326 2495 457 281 2482 337 562 690 66 1051 1977 2617 1487 109 167 1853 302 574 1436 931 1382 1326 1384 1321 1263 738 1346 2417 462 2972 1494 1873 2325 1950 2154 2750 231 659 1383 1382 1709 218 1942 1140 1412 2108 936 1713 625 2372 2644 3093 555 1971 1271 2903 652 561 2177 2200 1476 1615 930 1744 422 1027 1352 1738 1686 2734 3120 1338 895 1919 2477 2307 1971 271 1963 2595 586
4687
99 1025 53 794 1578 3367 3015 666 3176 1368 2752 2836 2672 1032 516 3114 1314 4216 4015 492 4376 440 1023 1729 2044 4578 577 4367 3125 4077 1769 1281 414 1821 3399 3317 1825 3051 620 1638 1057 3371 4473 3728 1040 1627 2154 3679 2480 2806 4170 2169 3245 506 535 601 1721 2436 1605 158 1826 3373 2763 3564 1832 2799 3518 294 1162 4137 1932 2218 4146 3042 2583 498 4668 1374 4176 3786 4179 297 1267 4062 2127 3126 1300 3847 2199 4230 642 4024 2915 42 4226 1384 4165 4381 1678 639
4635
97 2905 3839 2664 2756 2220 2493 3896 815 1826 2907 1228 2781 2640 1858 2828 810 1285 4438 786 292 4298 1125 694 1949 3269 3229 908 1774 3414 1205 3228 1600 325 1256 4273 2544 3665 3533 3275 856 1804 4502 3636 4360 1642 1746 451 2926 1465 1153 3218 1044 2194 3828 2992 745 2338 3817 2518 1033 386 1110 2633 710 2282 2270 3253 1311 1084 1809 2166 2804 1676 1084 2446 3234 2746 2896 1524 4210 3966 23 619 1524 3851 3527 2268 1553 2708 67 2586 3093 1176 500 3802 3457 2686
4068
87 1208 4032 3516 3028 2757 1640 619 1054 3134 1195 41 1863 647 2 372 3515 590 3 2237 1497 2017 1999 1411 2561 3133 3404 2934 1937 2355 1009 60 3562 2320 855 3869 2356 2494 419 689 1559 2961 729 3422 887 731 1073 1682 2668 1076 1198 1445 372 477 2855 2932 3609 2190 3146 2825 1825 1434 2885 1318 3754 3739 2467 2041 2165 165 2730 1003 406 738 1704 1292 2816 2777 253 1416 3852 1451 140 1503 1927 2994 367 2815
5
92 1 4 1 4 5 5 5 5 5 4 4 1 2 5 4 2 3 5 2 2 3 4 5 5 4 1 4 2 3 2 5 1 2 1 1 1 2 5 2 2 1 1 4 2 5 4 4 5 3 5 1 2 1 5 1 4 2 1 5 5 2 2 2 3 2 2 3 3 4 5 1 4 2 4 2 3 3 2 2 2 4 2 4 4 3 4 4 5 5 1 1 1
4931
99 1208 3544 1633 4462 960 592 4687 1080 2801 4862 2931 3419 4043 4427 597 1574 4602 4797 236 3506 4810 2964 3438 2852 3746 694 39 2571 790 3402 2362 1997 3383 432 1527 4342 2393 2651 1859 262 2582 4790 118 3062 723 714 1073 1762 1948 1308 336 3195 709 3773 1115 893 905 2523 3463 1694 2362 2263 128 814 2694 1655 1593 155 4305 3452 1786 3324 4679 3272 2824 1839 424 3896 3601 3740 1642 3936 2004 3719 4147 4487 4611 1489 3447 3143 4551 878 474 4678 3060 4536 2770 4652 1129
4537
95 3034 2452 285 188 1961 2976 3149 3601 2909 2284 4233 3148 4088 3634 703 2834 2758 4033 550 1657 1300 728 2286 2485 1845 4510 1895 3374 3624 3726 2008 3072 2592 3244 4210 15 1682 3772 29 54 1519 4261 4152 1069 4309 318 3902 2529 4350 866 4185 2063 2544 2884 10 4389 2857 1904 3225 2894 2043 1646 2379 97 352 2052 112 2034 1286 140 3038 3755 815 2652 1237 586 3920 1553 4065 3732 2418 126 2208 424 3009 2217 275 2279 4120 4450 1587 2577 1559 3965 2673
4979
99 3929 3270 4731 1535 2685 930 3111 1 733 4085 1225 855 229 4890 2112 859 4945 554 4297 1173 3807 1397 1289 2375 3207 4844 4669 2599 259 207 3027 3071 3476 1662 4605 65 1475 1621 3928 2207 726 4036 1945 955 2831 4056 697 2796 4609 3877 3968 3436 4158 4141 4695 1269 2889 4384 3867 2032 3474 798 123 1970 2459 3612 918 3933 253 3730 44 978 2786 872 816 637 3812 396 2317 3441 4273 189 782 2335 3213 4360 3603 1123 2648 1374 3154 1143 2172 2160 1996 3514 792 1798 1352
4742
100 1788 3495 1092 2197 2386 257 3726 2825 4273 2900 3529 3434 3090 2885 2752 2178 4349 4062 4733 4404 3542 1505 1316 172 503 4157 13 2929 3982 182 2804 1028 1116 1336 664 941 3774 1829 3766 3304 2169 2552 1995 2698 2876 2186 133 2482 1506 124 4326 305 3810 899 2659 1753 313 111 2121 4295 292 183 2762 3589 3700 865 4529 2731 2694 992 1293 120 983 727 257 3858 2913 389 1598 4418 2694 1181 2162 1762 4261 2260 954 4574 2370 3074 1566 101 696 4327 3689 4395 449 916 2384 582
4943
86 72 705 2056 876 1239 2222 2219 2088 1656 4345 2735 4573 4617 4374 3080 3520 102 353 1693 1433 2665 3883 3055 4356 4188 4301 4581 3192 1630 1088 1908 1701 1793 1723 335 790 1703 2553 636 3359 4656 3370 2988 2088 2800 3826 3366 2902 4178 115 2093 4602 3997 204 1773 1000 4505 1410 4192 3893 2498 3858 650 2049 637 3686 2838 2340 3997 3474 3457 3709 1900 4203 3555 4700 3085 1978 417 78 2092 2509 4679 3848 2713 1508
5000
100 1409 535 4248 3153 4674 1716 829 305 4311 1325 1748 2058 663 3472 2564 1254 2019 292 1583 697 1062 4500 4217 1413 1936 3671 743 2563 4269 141 4234 677 2027 4834 181 1700 2901 1010 2004 2212 3686 104 4269 4348 4927 3184 1954 1945 3476 4888 3993 889 4387 3210 2301 2675 3232 4395 237 2500 887 823 4528 2913 656 4709 4613 3556 2070 2968 2119 755 4423 1387 1455 4350 923 4760 2646 750 4647 2991 1638 385 2552 291 3059 783 4685 4648 4635 1924 470 4162 4836 1125 222 800 1032 3643
4835
100 2716 3792 1330 976 564 3243 584 2966 2302 1674 3746 2073 1313 1710 3315 188 1759 2722 942 62 264 144 1981 2715 891 185 504 634 3214 1825 4779 2037 781 1274 3012 2287 623 4537 417 2924 2317 269 1104 3629 1979 4418 3816 4679 2304 865 4740 2567 1008 1885 1388 2840 2070 2833 4415 1390 4657 4359 4368 603 1739 3486 2889 2361 3188 4247 450 1611 4516 1553 405 2601 1135 327 2444 4380 1191 2349 2111 3140 340 4440 1144 3351 2437 1666 848 3201 1189 1322 3803 2927 4808 2798 452 4102
4807
76 3343 3450 3328 2882 4241 1777 697 4493 4585 2713 3015 775 4180 2709 6 4179 392 384 4496 3490 2951 4775 2823 2428 2350 195 2919 4454 3114 2900 4147 1988 1543 3006 62 976 315 1098 1000 92 3810 4354 1205 3522 2255 1211 2893 2646 1933 2921 1667 415 3227 21 3181 770 555 1293 416 3668 4192 94 1187 1266 3100 1587 2242 3753 2684 3580 3844 2026 3126 241 740 573
4276
97 1379 3704 3018 1188 3140 571 2179 1224 1841 2606 1802 1202 673 2484 205 768 1120 514 182 1234 2162 3598 4071 1360 3386 1392 2428 1799 1635 3905 1543 3013 3852 805 4200 2715 1375 2622 182 3736 951 1984 661 2144 191 1385 2911 1831 1898 3612 3064 4059 3453 2858 1143 2562 494 4090 85 2128 3719 2147 1385 3814 2951 1828 2253 570 174 2954 29 1644 1181 1209 3787 1892 2594 2941 3722 215 2276 3029 4274 1452 2131 1660 258 2624 1473 342 995 1435 2488 2379 973 1163 451
4484
96 3187 3572 2696 835 2425 1714 168 3476 3827 4041 2992 3483 2842 2903 398 891 3430 3862 2735 1779 788 1304 3597 55 3121 2607 3952 462 1983 806 1439 3285 4377 2250 4120 434 3964 2403 3909 1422 1959 533 3020 2917 3435 1534 3807 2380 911 173 2274 1698 4077 1386 4352 829 3992 3819 3890 4090 2741 844 2891 2633 3093 642 3066 688 3044 607 226 3118 1139 3245 1550 89 2894 3473 584 3804 1761 2857 3618 1353 2358 3485 297 1865 936 4186 4071 3676 545 593 4424 1754
3810
97 1658 2258 3084 2775 888 1092 1285 1950 432 937 247 2945 2099 2232 2324 2240 3498 1647 3130 161 1999 165 807 3446 2072 3078 1324 2853 270 2108 2493 1920 547 1766 884 1426 2850 2160 3375 3281 3088 3622 2407 1376 2035 921 3608 1723 2559 2927 1875 739 3083 2682 366 1337 1949 1689 379 2211 3788 2864 320 525 811 1195 1942 3652 3354 1507 3123 2632 1310 1711 189 3344 2623 3788 1248 1371 2897 3123 2102 2169 1994 2467 3505 124 338 66 2326 315 2929 2645 831 3739 29
3642
92 653 808 1298 1606 1407 1840 1209 2813 2296 397 1203 2217 912 1458 756 3174 2183 740 2029 1336 604 302 2227 2408 1781 2305 2434 94 1074 598 425 1526 1406 1522 2932 2612 3161 498 1783 1815 694 2785 189 1405 600 944 937 2782 1684 2765 275 2087 2867 2501 852 1005 1164 3285 898 2037 241 1322 3362 1446 2644 2651 415 2162 2948 1997 134 3642 939 322 1204 1538 1066 1940 477 2749 1063 751 1193 287 3052 1845 1091 373 1487 1988 2409 1527
4626
100 2779 2365 3251 305 751 610 980 1521 1840 614 3378 3987 3005 653 1362 2165 1698 1322 728 3784 563 4535 2280 1813 2901 4421 2629 4061 4411 2789 1761 635 527 3083 3637 3976 3692 4617 870 3603 3302 4247 2963 4378 2971 2397 4615 42 3718 716 1898 4281 3322 2249 4165 1597 2043 239 3729 1827 3027 863 533 3554 2017 4169 2903 1082 2231 1844 58 906 4162 1092 3356 2506 3488 3344 620 652 2131 589 306 827 2837 2542 495 253 2780 4223 151 1180 3157 683 107 547 225 1081 4326 528
4969
65 1264 2992 3517 53 2675 554 304 959 1532 4782 2053 1443 2310 2387 3858 2525 2971 4582 1015 2500 3816 1648 361 341 1975 2608 2357 2823 3855 4401 2382 149 1320 929 4066 3994 379 3265 3849 1910 1973 932 2248 4283 2214 33 734 216 4614 644 1611 2356 2292 867 1593 4266 3474 2845 2119 2359 1172 3396 1403 2491 3221
4848
87 2940 1637 3841 881 4578 182 583 1274 4805 3880 549 1173 1545 2976 3010 1104 2010 4610 4384 2613 1728 2245 1157 976 3691 4477 3382 3427 1364 2345 3249 4303 3981 2241 335 4686 2422 918 2087 3355 925 2636 4527 2469 763 3664 3572 3749 3426 4084 2489 1281 1480 3645 3233 323 4249 1766 4725 764 238 3125 1195 346 517 1529 183 3915 3422 2270 2421 4346 57 3075 1967 1795 1890 1666 695 1443 901 3183 3700 3357 2955 2084 4655
4904
100 42 3011 310 1322 433 3625 1477 3828 1327 447 1096 4001 1926 3795 582 2192 3543 485 528 74 4711 4759 1564 1007 2565 1040 2954 3241 2849 3672 2370 2890 1778 2679 1779 4682 3871 3255 3605 293 1269 2268 4294 3194 3631 2443 2954 4741 2928 3481 4814 302 904 1473 1308 3468 81 1829 4276 2929 596 1741 914 4845 1987 2692 4622 953 3514 891 3718 4782 726 675 3071 4356 3117 3592 4192 3612 2169 1670 3913 3072 3142 2789 4107 790 4617 3478 3718 309 315 2199 249 4773 2458 2439 822 1067
4572
98 126 2862 2985 2405 3084 1240 886 3742 1080 569 2987 1054 1957 2783 4435 3882 2421 4101 1562 4542 2982 972 976 915 3038 4556 118 694 1543 1313 2203 137 4174 3656 2541 2685 323 1894 323 1402 930 3309 2455 2887 1519 2318 664 2408 314 2226 2377 3296 1665 1820 2678 130 1804 2795 3863 1814 4107 4533 418 2177 3616 1427 289 2406 1788 611 2276 2718 3920 158 4072 3906 943 3203 209 4297 856 2586 3020 988 2873 1125 4157 3144 2388 3447 386 390 1876 3843 2566 919 3737 1323
4935
83 358 1307 699 1682 2204 2584 1101 3858 1756 4027 1344 1435 2128 349 2114 2682 3615 1572 2429 3200 3500 1096 2214 3807 1665 3838 1083 4209 777 1659 415 1134 4307 1114 4157 1576 104 323 498 1860 756 3183 4636 2883 3531 1814 629 3552 3385 4399 1816 3292 1901 436 3505 3565 4274 994 4181 115 2653 4595 2591 3366 773 1812 6 877 3476 1845 2736 4231 92 3778 3520 3622 656 555 3581 448 19 1803 146
89
89 56 67 75 66 26 29 75 73 74 42 25 61 54 77 31 36 63 73 52 64 16 4 40 4 41 51 46 8 46 49 66 34 26 51 10 73 12 18 78 85 59 36 79 24 23 42 81 18 25 43 81 63 68 53 66 19 36 22 27 81 70 3 26 28 75 57 33 86 74 22 14 66 57 25 22 12 66 13 51 24 77 65 86 77 28 62 28 86 16
4759
100 293 3725 3590 4348 3606 4201 45 120 4657 4255 8 614 8 3712 4150 1895 2650 3006 533 1176 4283 4266 3206 4148 3407 3180 1404 257 1741 4530 4010 2858 3496 2840 2446 2342 3106 3316 2461 3004 2811 3294 4442 3644 3071 3833 779 961 2904 2136 2961 2427 2468 1407 1815 1940 4586 4044 2197 2392 3814 2272 1316 2550 353 3761 958 4283 2317 3418 2527 1194 2777 3035 78 1088 2108 1681 2873 1077 3817 1075 3503 1525 2481 1384 3464 3133 668 1726 1590 547 3998 2905 3097 416 1907 120 4698 289
4555
97 3915 663 4316 2893 445 2275 1085 2752 3738 2270 3127 1696 3093 3046 1932 147 2839 3345 379 3730 3956 3596 1456 1512 3317 4511 3086 1794 3085 1122 2908 876 216 1100 2200 660 3374 3284 1843 2556 3986 414 4251 2523 1892 60 1101 175 3404 1480 3904 1236 3507 3791 2747 2268 3746 1277 2494 708 830 3833 1583 4032 377 3783 3123 3750 943 411 182 373 3811 2865 2896 1147 2924 2428 1321 1772 3907 3656 1439 2858 2892 4185 3558 514 3893 4483 4208 3155 3760 1236 2631 4136 3450
4384
96 4009 4096 3766 3783 1992 4298 3673 2890 3362 1390 3818 2737 609 170 3533 78 4217 3083 177 2490 3147 3474 2251 2513 1994 899 2893 1794 4229 4225 3755 3853 768 4352 3251 3975 4266 2539 2481 75 3928 3130 4027 153 131 3176 230 4347 3090 1622 3669 1852 711 2751 1196 2704 3650 4089 1329 326 3929 1915 4178 1528 1883 4261 1118 1764 2415 430 3054 3175 3560 2696 159 522 2703 1604 485 1408 3225 985 92 3935 3735 1287 3470 4216 991 1630 157 1751 3545 1167 110 1043
4966
97 2694 4213 1339 2823 4709 1129 2503 4923 1950 4582 2377 1275 4614 2046 79 1475 309 2000 3373 3974 837 4207 4298 1328 4806 4882 420 3574 3494 2096 3112 1222 4802 4451 2538 3038 4073 3534 2994 4516 3150 3864 824 1291 944 4363 1260 1252 4856 3126 3720 727 2367 1545 2054 2206 1461 967 814 4954 3062 2419 1209 2897 1903 2240 968 4469 808 2456 4018 3957 1353 4842 3741 2296 2732 34 2042 2621 3160 4255 1841 4020 833 2388 1259 2293 3354 566 2281 1449 2985 1983 2839 3381 4223
3023
98 1092 2006 1533 1460 1101 651 1923 823 2632 101 1618 1512 1997 2574 1221 1252 2935 318 2442 2501 2333 2274 1206 2847 53 852 920 2249 2013 903 1322 81 2909 970 1540 986 2758 439 2947 481 1677 1541 1992 1788 1091 189 16 2141 506 572 2756 2838 961 2076 776 2151 2928 2834 2514 1917 713 812 112 1736 2919 2790 837 2653 1343 760 110 3020 415 2101 1784 2643 404 2938 1760 909 1624 1492 1861 2584 1683 752 1711 1587 562 2339 1618 2412 128 1729 2263 1161 2633 1214
4550
100 1878 929 590 3712 2934 1801 2085 834 652 2251 3729 3743 2118 2038 1163 3725 3750 2533 1248 2771 1105 4366 2126 1214 3879 3139 3586 1127 1252 581 1037 3129 1509 1626 343 2494 3426 2427 3327 2129 2729 2506 3923 2899 2595 536 2073 1795 3068 3320 15 2224 1187 2140 3438 515 3330 525 4243 31 1105 729 1212 666 2354 4156 3159 3831 84 1936 1410 2812 2493 782 1160 537 3919 1285 383 488 2656 2999 2712 3843 3190 1599 2409 1970 175 2102 52 1280 882 3865 1945 1288 3470 553 568 3553
4274
97 1040 3196 3851 1354 3162 1979 1655 2031 131 3536 478 334 3372 2700 2491 3578 3594 507 4209 1481 2242 1119 1925 2356 1774 3630 2353 3400 2921 1126 2082 161 48 2132 1988 3683 4110 3643 1913 440 3378 2864 774 2949 1289 3738 2253 1082 4244 2661 2563 2686 3779 213 767 1753 43 3594 878 3437 445 3433 4071 966 1290 1785 375 1599 1627 2761 2039 1204 1351 3286 4152 2639 2749 2604 3721 3193 990 2483 1604 969 3169 2844 2721 3685 2163 3598 3322 2608 3230 3118 3573 245 628
4487
96 1950 3003 270 1505 4283 1610 2230 3479 3452 2388 796 1148 875 3846 291 3858 1640 3025 4190 3999 115 3499 1435 2995 4230 948 4144 4281 3962 4057 2958 1425 2572 2266 2929 2367 3875 672 1358 2840 2098 1193 3026 2973 551 2355 1382 2190 893 1084 740 46 3621 1214 2079 2403 2161 1735 2196 1635 1304 4192 2098 3875 1970 4066 793 1357 250 1189 3235 1386 2381 812 4358 1971 3167 1253 4160 3098 1375 3939 3143 509 665 734 2911 1864 1507 4145 3498 1849 3849 148 1236 1331
3667
91 559 3606 982 2217 246 2569 1095 426 3099 1080 412 864 1984 274 2846 2870 998 1553 1386 437 816 2898 2893 1430 3137 3577 540 962 1376 627 1201 1934 125 2182 44 371 644 1138 356 75 2217 327 498 534 600 2904 2963 1597 789 241 2033 1604 3138 1258 2594 2167 1168 2693 3129 2543 3319 662 369 3003 2403 412 3373 3046 1110 61 2681 2886 387 2738 3419 546 1974 2274 2142 2322 2514 67 3486 1544 1325 2412 44 2052 997 2732 487
4134
100 835 584 2084 3301 3434 371 1685 1800 1410 2734 3124 1032 1693 2726 3124 1700 137 2684 2041 1844 604 2801 234 1860 3321 2897 3185 3875 606 3242 4060 1441 889 3208 1805 1386 3578 3489 3186 2051 3287 3373 3083 2043 3163 3270 806 3299 1820 4044 2206 3621 2710 2439 2544 1896 1201 1594 1637 1807 1899 2760 311 3985 1833 3313 1237 1277 3865 1486 391 3017 724 3473 2123 3886 2609 2929 115 1492 2838 2320 2176 2612 625 586 373 3023 2179 3207 695 1142 1833 2203 992 729 1381 2228 3203 1112
4467
92 4220 309 1857 4390 3842 2047 2287 1189 3523 1877 450 1424 2423 2120 1531 3463 208 4252 2820 4265 1802 1134 962 1916 2794 3422 2646 1929 1208 1026 1498 961 1134 3354 683 508 733 2769 1497 4055 4445 1946 812 2400 4065 2342 1395 4272 2126 4215 3869 3728 881 163 1176 3474 3584 3622 935 325 4447 2432 1085 1113 1119 1567 1421 1851 4335 2917 1439 4312 395 2250 2044 4260 4391 3439 3864 1849 2986 3066 1109 3866 3228 2085 2673 2345 1239 3407 2469 1218
4496
98 549 80 2626 1642 719 2344 1796 2227 884 656 3324 2877 1516 110 884 3355 2105 1044 733 2073 344 3719 4041 415 3499 3933 1025 867 1531 2204 4010 2079 2284 1419 3000 3002 3763 300 12 150 235 2615 2307 1030 2725 3190 4384 4109 3514 4397 1686 3137 2899 1230 3552 1901 4442 3856 2048 1476 1564 1561 3554 3127 2979 1338 1632 1525 1637 924 955 1151 3538 3261 2180 1046 1234 1347 659 251 1247 1624 3388 3425 2133 1723 110 2079 1082 2157 2834 2645 2997 1172 1275 1479 2509 2187
4961
97 3127 4933 408 1523 561 130 1722 3425 160 4027 2632 4128 1779 402 4163 1065 1496 1137 2773 1427 3684 3322 4585 1649 1777 4316 839 2851 3240 3396 481 711 2672 193 2233 2537 322 3259 1000 482 2324 3632 3914 4102 3338 3115 205 4834 4251 2282 604 2278 642 4493 3231 1724 3847 3375 3879 1430 1114 4359 2140 3090 3856 3677 665 4177 1279 1664 3963 3602 4600 2915 2047 2977 373 1556 2154 4623 3837 2757 1244 4479 2288 3780 546 478 2193 4424 1907 3306 3126 3352 739 2020 1372
4605
98 1953 1873 3579 3388 4392 1187 1745 2515 3815 3704 1039 1544 756 4324 1205 346 3275 1784 2887 1451 1369 2954 3037 246 167 4165 2839 3441 1234 1468 2714 1423 1577 4530 205 1363 1111 1950 2114 3162 3890 3152 101 40 2871 4147 3227 1540 4168 1508 1227 3773 2699 4263 4018 1102 2060 488 4542 1530 192 888 2952 1768 3654 1394 3130 3001 1580 3480 1558 864 2027 4500 3746 3134 4041 2367 68 1840 2112 4136 1007 3047 3794 3261 4148 4090 3748 2321 1014 3939 1445 2202 3943 493 1832 2467
4975
97 2779 4065 945 308 2433 516 1595 3313 2745 2891 3492 4531 2396 2262 3678 1451 4742 4027 1769 4529 3257 2340 2631 1051 1552 3816 2944 3656 2665 2749 4732 445 1815 678 752 4248 1193 2324 2585 3937 216 1101 3469 2588 3339 2172 4038 3105 1223 808 2635 4456 3147 291 508 4699 4083 3452 3379 1772 1202 3112 2217 2993 3790 2945 2265 4959 270 4826 3898 463 928 2391 3050 4266 4562 2090 2373 786 2897 9 243 1046 276 751 769 4359 4202 4124 1132 405 2261 3325 3397 1052 1272
