40
3 2 100
3 5 7
4 8 16
1 20 5 2
5 7788 9470
7133 4915 9099 3461 5290
6 2 10000
9931 9941 9967 9949 9929 9973
5 7745 7834
4146 6528 3423 7181 5441
5 4247 8451
4634 5187 1825 2343 4980
5 3445 6979
2447 7295 2058 563 1041
51 1290 2577
1289 1289 1289 1289 1289 1289 2578 2578 1289 1289 2578 1289 1289 2578 1289 1289 2578 1289 2578 2578 1289 2578 1289 1289 1289 2578 1289 2578 1289 2578 2578 2578 1289 2578 2578 2578 1289 2578 2578 2578 2578 2578 1289 2578 1289 1289 2578 2578 2578 2578 1289
5 8310 8683
2098 9030 1437 2475 1726
10 2 10000
11 3 15 5 1 6 2 7 2310 10
5 4812 9935
7520 7567 2685 7381 5760
5 4779 8892
5927 5797 30 3543 8785
5 3258 5089
5479 8827 7867 5864 4591
13 1 10000
875 9233 8526 4176 3633 2687 1671 9072 4421 586 568 9276 1144
100 1 10000
4234 9947 7207 8146 114 8792 2491 4651 1206 3008 185 4607 957 1553 4330 3675 6187 5978 891 9158 956 8421 5007 7151 4151 7328 484 3286 2380 537 8239 7539 3019 2947 2869 8885 75 1592 7401 8006 710 9857 7949 8724 8214 6265 9206 944 155 7409 6134 5843 6481 9306 1972 6095 7832 4077 2373 8711 9349 3849 101 4308 322 4483 9728 5392 4907 6015 7200 9353 5789 5805 8303 3403 7395 499 6036 4498 3269 9053 2709 2817 4072 9890 4817 8155 704 653 2171 2455 9508 2594 5380 4770 6110 9648 283 2948
5 5588 6131
8015 4438 6803 1841 3033
5 8004 9706
2041 5981 9758 5863 3840
3 2 50
3 5 75
5 1879 8649
4556 9766 110 6725 8371
10 61 119
6480 3 4680 30 12 1080 1800 10 20 2520
4 2 10000
49 17 3 4
5 8217 8846
9514 6329 7267 565 2136
10 61 119
20 8 2160 6 8640 60 5040 40 4320 7200
51 111 220
660 660 22 660 660 22 660 22 22 660 660 22 660 660 660 660 22 22 660 22 22 22 660 660 22 22 22 22 660 22 22 660 660 22 22 22 22 22 660 660 660 660 660 660 22 660 22 660 22 22 660
5 5097 9047
4364 2048 9287 7502 2172
100 19 54
5292 2646 1998 2160 3996 4968 5724 1188 2808 3888 5184 1620 7938 8856 7560 6210 6048 3186 6372 9234 7290 9558 9396 9720 8694 4860 1512 9450 4806 8748 7722 4320 8802 972 2592 4914 8370 5400 4266 1134 8154 3672 7506 918 4536 7128 6642 3726 7776 1728 7668 5832 810 540 2538 9018 9342 2484 8424 4212 5076 7236 1404 5022 7452 9936 9774 7398 1674 3132 4752 8478 7074 8262 2052 6534 4104 6156 8316 6102 8532 594 4428 1242 9180 3402 3564 9612 2862 6858 2430 2376 6264 8910 2322 8586 3240 4644 3456 5886
7 5 10000
9726 9942 9714 9762 9678 9978 9822
10 2 10000
10 6 7 3 2 1 5 15 11 30
50 2 10000
168 144 5040 90 1260 28 60 5 24 280 21 140 336 56 420 36 840 126 16 630 315 3 7 1680 12 210 84 30 35 8 10 1 72 2520 560 20 1008 504 15 45 4 18 720 105 80 63 360 120 42 240
2 5001 10000
5000 2500
100 2 10000
2821 775 1674 620 1798 2635 682 1581 310 1550 93 3100 217 558 1457 2511 2914 1705 2604 124 2015 2201 3069 961 434 1395 2077 837 1829 930 1147 2263 2759 2976 2325 1054 1178 2697 1953 3131 1488 465 248 1984 1519 62 2883 992 2387 2170 3007 2945 403 744 1891 651 806 2449 2480 2294 2232 1860 1240 496 2573 713 2139 899 2790 2108 868 1023 341 1302 3038 2542 1767 2356 1209 1922 186 2666 589 2728 2046 279 1085 1426 1271 1116 1612 2418 372 527 2852 1736 1364 1643 1333 155
5 9647 9678
5854 3710 3556 8788 4769
5 8587 9067
4658 5802 4630 111 9634
5 829 4040
6906 6936 6052 9187 2781
5 8960 9096
4428 8194 9341 4737 3478
18 2 10000
8633 8633 8633 8633 8633 1 1 1 1 8633 1 8633 1 1 8633 1 1 1
5 5863 7877
1570 3455 9684 699 6889
10 8331 9997
49 2 833 17 34 238 14 98 7 119
5 3831 8212
1578 9843 1482 3722 8298
5 7433 9707
8240 151 3238 2993 5669
