100
2 3 2
1 1 1
2 1 1
2 1 2
3 2 3
2 4 1
7 11 3
1 67 1
5 21 4
94 6 87
9 10 2
1 70 1
1 4 1
100 2 49
3 3 1
60 1 59
14 7 2
9 2 6
46 6 21
1 2 1
46 6 17
99 2 95
100 9 11
13 6 4
27 12 3
9 4 5
60 10 5
17 4 7
1 22 1
4 29 1
100 1 100
10 5 1
3 2 1
60 10 6
29 6 14
3 1 3
1 3 1
55 2 29
30 10 15
3 1 2
3 37 1
92 3 6
27 1 27
10 18 1
88 8 32
4 2 1
20 1 18
4 3 2
3 27 2
2 3 1
4 1 3
1 27 1
38 9 20
100 6 70
57 8 36
3 4 1
100 3 34
100 4 24
79 9 1
5 6 3
5 18 2
21 10 11
4 4 1
7 21 5
14 7 1
100 1 99
38 1 7
4 3 1
1 100 1
27 9 11
30 12 30
3 22 3
27 1 26
31 6 6
100 2 50
61 7 6
3 2 2
9 7 8
100 4 25
1 66 1
2 2 1
80 8 9
58 10 43
25 1 22
100 1 1
60 1 60
27 12 2
4 2 2
2 59 1
21 3 19
10 5 2
75 4 46
2 56 2
100 9 12
100 3 33
80 8 10
1 36 1
2 38 2
4 1 4
72 3 13
