100
2 3 2
1 1 1
2 1 2
3 2 3
65 6 65
100 1 100
20 3 20
32 1 32
57 1 57
4 3 4
4 1 4
2 7 2
21 3 21
2 59 2
2 2 2
100 3 100
12 7 12
4 2 4
29 6 29
53 8 53
1 35 1
1 2 1
3 4 3
21 6 21
12 1 12
24 5 24
51 10 51
54 7 54
4 29 4
4 4 4
80 8 80
4 24 4
91 7 91
3 28 3
1 39 1
6 18 6
100 2 100
17 9 17
1 60 1
1 100 1
1 24 1
2 5 2
45 1 45
63 1 63
100 9 100
10 18 10
75 4 75
89 8 89
16 13 16
100 4 100
79 9 79
1 93 1
86 7 86
60 7 60
3 3 3
20 11 20
26 1 26
68 4 68
26 8 26
10 2 10
1 3 1
14 7 14
47 9 47
95 3 95
11 11 11
55 1 55
1 4 1
48 6 48
77 7 77
44 4 44
80 9 80
8 10 8
2 4 2
25 6 25
75 5 75
61 2 61
29 2 29
89 4 89
9 7 9
1 29 1
96 7 96
22 10 22
35 4 35
79 1 79
88 8 88
54 1 54
68 3 68
26 12 26
3 37 3
58 5 58
41 8 41
49 1 49
66 2 66
3 1 3
44 9 44
20 9 20
10 5 10
8 3 8
85 1 85
27 5 27
