100
4 2
5 2
6 2
1000 1000
1000 1
999 128
927 780
973 739
1000 489
1 1
999 1
881 822
933 707
1000 500
375 341
500 244
588 530
1000 512
280 279
951 859
999 499
724 682
559 527
3 1
561 547
442 413
500 127
500 2
324 265
999 511
500 117
1000 498
867 694
266 257
868 866
999 256
500 128
526 518
500 73
500 250
795 650
500 499
4 1
999 506
1000 499
999 487
500 1
682 617
603 504
737 672
999 498
1000 127
437 333
2 2
500 255
1000 2
500 116
1000 355
567 437
1000 501
999 2
631 608
500 256
999 127
1000 128
500 500
5 1
999 999
2 1
267 233
500 245
674 622
999 512
389 344
854 798
848 757
298 263
1000 488
999 497
999 467
883 717
3 2
804 706
913 755
999 998
999 488
1000 511
1000 256
500 248
500 134
276 253
328 246
1000 255
1000 999
999 255
842 725
678 631
500 249
878 805
658 513
