100
4 2
5 2
6 2
1000 1000
1000 1
1000000 262143
999999 475711
315704 238539
999999 499998
500000 127
1000000 1
281672 268253
1000000 500000
678621 585831
343525 338296
900194 818119
500000 131071
753501 674112
500000 128
1000000 499999
455478 389066
500000 250000
999999 1
999999 475712
891359 833943
500000 499999
710902 705195
999999 262143
656284 534525
1 1
2 2
485035 466338
832059 796236
1000000 352712
733166 617737
5 1
659840 572966
826343 738173
994986 882240
999999 456397
999999 499997
500000 249999
930126 796539
500000 249998
500000 237856
1000000 524287
751657 721854
1000000 128
999999 499999
277389 219727
1000000 262144
637772 544424
999999 127
1000000 500360
3 2
3 1
802585 762749
999999 2
1000000 2
715217 699967
796448 604483
999999 524287
956992 873758
376396 299908
737191 657605
808368 709398
500000 237857
773528 600430
999999 128
500000 131072
627613 595177
510015 387757
1000000 475713
999999 524288
1000000 475712
989800 804493
458395 427468
1000000 1000000
1000000 127
999999 511912
297497 224880
999999 262144
999999 999998
500000 244968
500000 500000
804048 622965
500000 262144
999999 999999
404492 309917
500000 2
2 1
586358 570048
500000 136246
1000000 999999
500000 262143
500000 1
1000000 499998
4 1
706224 675609
1000000 524288
