60
2
10
11
3
001
100
010
4
1110
1100
1100
1000
1
1
7
0000000
0100000
0000000
0000000
0001000
0000100
1101000
8
10000000
00000000
10000000
10110000
01000000
00000000
10111000
10111101
2
01
00
8
00000000
00100000
10000000
00000000
10101000
01010000
00000100
10111111
4
0000
0000
0000
0000
1
1
2
10
01
4
1000
0100
0110
1101
7
1000000
0100000
0110000
0001000
1110100
0001010
1000001
8
10000000
01000000
00100000
10010000
11011000
11000100
10101110
10011001
6
100111
001100
010000
100000
011000
000110
5
00100
00001
10000
01000
00010
5
10100
00001
10000
01010
01000
8
01011110
00110000
10000000
01111000
01000000
11000100
00000001
00100000
5
01000
01011
00100
00010
10000
7
1101110
0100000
0001000
0100100
0110000
1000000
1101101
4
0010
1000
0100
0001
6
011000
100010
100000
010000
000100
100101
7
0010000
1011000
0000001
1101010
1101100
0100000
1000000
4
0001
1010
1000
0100
8
01000000
10100000
11000010
10000000
10111000
00010101
01100100
00010000
8
01000000
10000000
10101000
10011100
00100000
11011101
11010000
10111110
8
00100100
10000000
00100000
01111110
01010000
01000000
01001011
00011000
2
01
10
4
0101
0010
0100
1000
7
0101101
0000010
0000100
0101000
0010000
0100000
1000000
8
10011111
00100010
00101100
11011000
11010000
00100000
01000000
10000000
8
11111010
11011100
01000000
00001000
10000000
00011000
01110000
10100000
8
11010000
01000000
00010000
00000100
10100000
11011110
00010000
10000000
8
00001000
10111100
10000000
01011000
00100000
01000000
00000010
10000000
8
11000001
00001010
00001000
00000000
10111100
00100000
00000000
01000000
8
10000000
10110000
00001000
10111100
10000000
01010010
00010011
00000000
8
00110100
01000000
11101110
00000011
01110000
11101000
10000000
00100000
8
00000000
01000000
00000000
00010010
01000000
01001101
01000000
00000100
8
01110000
01100100
10001110
10000000
01000000
10100001
01100000
11011000
8
00001000
11111101
10000000
01010000
00000100
00000000
01000000
00000000
8
10000000
00110110
00000100
01000000
00101010
10100000
10100000
00010000
8
00000000
01011000
01000011
00000000
01110000
10010110
01000000
00010000
8
00011000
10101100
00100000
10000000
00000111
10110110
01000000
01110000
8
00100000
00000010
01101000
00100000
01101100
10000000
00011111
00000000
8
01000000
10100000
01100000
10000000
01000000
10100000
00000010
00001111
8
10000000
00001100
00000010
10001000
01100000
01100000
00110011
01000000
8
00001011
10000000
01000100
10001000
00010000
00100000
10000000
11000100
8
01000000
10000000
01110100
01100000
01110000
00001000
01101011
00000010
8
01100000
01000000
10000000
01111111
10000000
10111000
00000010
11101100
8
00000000
11010000
01000000
10110000
00010000
00100000
10101001
00100100
8
10110000
01000000
00000001
00000000
00010000
10000000
00001010
01000000
8
00100000
01000000
11100110
11010000
10000000
00001000
00000011
00101000
8
11101000
10000000
10000000
10001000
00000010
00100000
01110000
00111100
8
10000000
00000000
00100000
10011000
10111000
00001100
01000000
01011101
8
10101000
11001100
01110000
10100000
01000000
00100001
00110110
10000000
8
10000000
00000000
00010000
01111000
10000000
00000000
11000110
01000000
8
10110100
10101110
10000000
01011000
01000000
00100000
00010000
11111101
8
00000000
00011000
01011110
11001100
00100000
10000000
01000000
01110000
8
01100000
00000001
11001000
00010000
01000000
10000110
10000000
00000100
8
10111100
10000000
00010010
01100000
01000000
00000000
10110000
01000100
