100
3 1 5 15 13 11
3 0 8 23 22 21
3 0 10 30 30 30
3 0 7 18 17 17
3 3 2 18 3 3
3 0 4 12 25 16
2 0 4 7 9
2 0 8 5 26
3 2 6 27 15 10
2 0 1 0 0
3 0 2 20 2 3
1 0 10 14
2 0 1 22 6
3 3 2 9 21 16
3 2 1 17 7 0
1 0 10 27
3 0 6 9 28 22
3 0 8 20 21 21
1 0 5 12
2 1 3 6 5
3 0 3 23 16 14
2 1 10 10 10
2 1 8 5 30
1 0 0 0
3 3 8 18 25 28
1 0 10 6
3 3 5 16 22 10
3 2 10 11 18 30
1 0 5 11
2 2 2 26 23
3 2 7 30 2 14
2 0 7 5 18
3 1 4 5 18 17
1 0 0 20
1 0 7 5
3 3 6 7 19 24
2 2 5 23 5
1 0 2 8
2 0 0 30 30
1 0 6 30
3 3 3 16 6 23
2 0 5 29 15
3 3 1 15 10 7
1 1 7 18
1 0 1 24
3 1 3 0 4 28
3 1 4 28 17 9
3 3 9 20 14 2
1 0 5 12
2 0 5 18 10
2 0 2 13 28
2 0 10 26 26
3 0 10 27 27 12
1 0 1 13
2 0 10 1 26
3 3 6 16 7 21
1 0 5 22
3 3 6 13 19 28
1 0 3 28
2 0 6 19 11
1 0 6 30
3 0 8 26 13 21
3 1 10 26 27 26
1 0 8 20
1 0 4 8
2 0 7 11 4
3 0 7 6 17 17
3 0 10 27 26 14
1 0 4 23
3 0 3 15 22 18
1 1 3 15
3 0 1 8 15 12
2 1 4 10 15
2 2 2 7 9
1 0 3 5
2 0 3 27 20
1 1 1 25
3 1 7 18 18 18
3 0 6 29 25 29
1 0 2 3
1 0 7 22
1 0 9 23
2 0 6 10 22
2 0 5 29 21
3 0 10 27 2 6
2 1 7 17 17
3 1 4 9 9 8
3 0 8 28 21 21
2 0 5 2 19
1 0 8 29
1 0 8 20
3 0 4 8 4 15
3 0 8 21 2 20
2 0 5 0 11
2 0 7 28 13
3 0 6 27 16 15
3 1 3 6 6 5
3 1 4 2 3 25
2 0 1 8 1
2 0 7 4 17
