60
9 20
-4-2-3-3-
6-8+7-4-1
-9-8-9+1+
9+2-6-0-7
-4-2-7+4-
2+2-3-4-7
-3+5-1+4-
8-7-8-9+5
-3-3-2-2-
1 3 4 11 13 19 21 23 24 27 29 39 41 42 43 44 45 46 47 48
2 16
6-
+9
3 6 9 12 15 18 21 24 27 30 33 36 39 42 45 48
6 20
3-8-9-
-3+6-7
9-6-0-
-6-3+7
7-0-6-
-1-3-7
1 2 6 7 11 12 15 19 24 25 26 27 31 37 44 45 46 47 49 50
9 16
0-0-0-0-0
-0-0-0-0-
0-0-0-0-0
-0-6-0+0-
0-0-0-0-9
-0-0-6-0+
0-0-0-0-0
+0-0-0-0+
0-0-0+0-0
3 6 9 12 15 18 21 24 27 30 33 36 39 42 45 48
5 20
0+1-6
+0-0-
0-0-0
-0-0-
5-0-6
1 2 3 4 6 8 9 11 17 18 27 35 36 37 42 46 47 48 49 50
4 20
-0-0
7-0-
-0-0
0+1-
3 7 9 13 18 21 23 24 28 29 30 34 35 40 42 46 47 48 49 50
9 20
0-9-0-0-9
+0-0-0-8-
0-0-0-0-0
-0-0-0-0-
0-0-0-0+0
-0-0-0-0-
0-0+0-0-0
-0-9+0-8-
0-0+0-0-0
2 8 10 12 16 17 18 20 22 25 30 34 37 38 42 43 45 47 48 49
7 20
4-1-6-5
-2-8+5-
2-0-3-6
-0-6-4-
8-0-0-3
-2+4-7-
9-5-3-3
1 4 6 8 11 14 15 19 21 22 23 35 39 40 41 43 46 47 49 50
4 6
-0-0
8-0-
-8-0
0+0-
8 16 24 32 40 48
5 20
-9-0-
7+3-7
-4-3-
4-3-3
-9-0+
3 4 9 11 16 17 18 19 24 30 35 36 39 42 44 45 46 47 48 49
5 20
0-0-2
-2+0-
0-0+6
-0-0-
0-0+6
2 4 6 8 10 14 16 18 20 22 30 32 36 38 40 42 44 46 48 50
3 6
0-0
-8-
0+0
8 16 24 32 40 48
4 20
4-6+
+9+4
8-8-
-8-7
2 6 9 12 13 15 16 18 22 23 31 32 40 42 44 46 47 48 49 50
6 20
-1-0-7
9-1+6-
-4-7-5
3-3-2-
-3-6-6
6-0-7-
9 11 16 17 19 20 24 28 29 30 36 40 41 43 44 45 46 48 49 50
5 8
+0-0-
0-0-0
-0-0-
0-0+0
-0-6-
6 12 18 24 30 36 42 48
4 6
0-0-
-0-0
0+8-
-0-0
8 16 24 32 40 48
4 20
-0-5
8-0+
-1-0
0-9-
1 2 6 13 14 15 24 27 29 30 31 32 38 39 41 42 46 47 48 50
9 20
-0-2-5-7-
7-8-6-9-2
-9-7-0-1-
5-9-2-3-5
-2-7-9-0-
0-5-6-0-5
+3-8-3+4-
1-6-7-4-1
-4-9-4-9-
1 2 10 13 15 18 19 22 27 29 30 31 32 33 42 46 47 48 49 50
7 20
-0-0-0-
0-0-0-0
-0-8+0-
0-0-0-0
-0+0-0-
0-0+0-9
-0+0-0-
3 5 8 11 12 14 16 20 22 23 24 26 27 33 34 40 42 43 45 50
7 20
1-0-0-0
-0-0-0-
4-0-0-0
-2-2-0-
0-0-2-8
-0-2+0-
0-0-0+0
4 6 8 12 13 18 22 25 26 34 35 36 37 40 41 42 43 45 47 49
9 20
0-9-0-0-0
-0-0-0-0-
0-0-9-0-0
-0-0-0-0-
0-0-9-8-0
-0-0-0-9+
0+0-0+0-0
+0-0-0-0-
0-0-0-0-0
1 3 9 14 15 16 22 23 25 26 29 33 34 36 41 42 43 46 47 50
5 20
2-5+3
-4+1-
4-1-8
-6-5-
3-2-1
5 8 9 13 17 20 26 27 33 34 35 37 40 43 44 46 47 48 49 50
10 20
-0-0-0-0-0
0-0+0-0-0-
-0-0-0-0-0
0-0-0-0-0-
-0+0-0-0-0
0-8-0-0-0+
-0-9-0+0-0
0-8+0-0-0-
+0+0-0+0-0
0-0-9-0-8-
1 2 4 7 8 10 12 13 14 17 18 20 21 25 26 30 38 39 41 43
3 20
2+1
+4+
5+1
4 5 6 7 12 19 21 22 24 26 27 28 32 36 43 46 47 48 49 50
6 20
7-7-1-
-0-0-9
7-0-1-
-0-0-1
9-0+0-
-0-3-0
1 2 6 7 8 10 12 16 17 23 27 37 39 43 45 46 47 48 49 50
5 5
-0-0-
0-0-0
-0-0-
0-0+0
+0-9-
9 18 27 36 45
5 20
7-9-2
-1-6-
0+6-1
-3-1-
8-5-6
1 3 6 10 11 13 18 23 26 28 30 33 34 39 41 44 46 47 49 50
5 20
-6-7-
6-4-5
+3-7-
1-9-9
+1-1-
3 5 14 16 18 19 21 23 24 27 29 31 38 40 41 43 46 47 49 50
5 20
0+0-0
+0-0+
0+0+1
-0-0-
0+0+0
3 5 10 14 15 20 22 24 26 30 31 32 34 35 39 46 47 48 49 50
4 20
8+8+
-2-0
8-4-
-1-7
2 7 9 12 13 18 20 25 27 28 30 31 32 35 37 38 43 45 47 49
9 5
0-0+0-0-0
-0-0-0-0-
0-0-0-0-0
-0-0-0-0+
0-0-0-0+0
-0+0+0-0-
9-0+0-0-0
+0-0-0-0-
0-0-0-0-0
9 18 27 36 45
2 20
+0
1-
2 3 8 9 14 16 17 18 24 25 31 33 35 40 41 46 47 48 49 50
8 20
+9-1+0+6
2-9-2-1-
-7-7-7-0
1-8-3-3-
-1-5-9-6
3-7-2+4-
-7+2-7-8
1-6-8-1-
1 2 4 8 10 11 21 32 34 37 38 41 42 43 44 45 46 47 48 50
4 20
2+4-
-4-5
7+6-
-3-2
5 7 11 15 16 17 19 22 26 30 32 36 38 39 42 43 44 45 46 50
10 20
9-5-1-2-6-
-4-4-6+9-8
0-5-4-1+7-
-8+3-3-4-3
5-7+9-6-0-
+0-5-1-3-8
8-7+5-5+5-
-2+2-9-9-3
2-4-6-9-6-
-6-5-3-2-3
3 4 7 9 11 12 15 16 17 18 19 22 25 26 34 44 46 47 48 49
8 20
0-7-3-2+
-1-7+3-1
3+1-6-2-
-5-3-3-4
3+0-3-7-
-0-7-4-7
6-8-0-1-
-5+2-3-6
5 7 15 20 21 22 23 24 27 28 30 31 34 42 43 44 46 47 49 50
2 7
+0
7-
7 14 21 28 35 42 49
8 20
+0-0-0-0
0-0-0-0-
-0-0-0-0
0-0-0-0-
-0+0-9+0
0-0+0-0+
-0+8-0-0
0-0-0-0-
2 4 5 13 19 21 23 25 26 28 29 30 31 37 38 39 40 42 45 48
4 20
3+9-
-5-8
5-5-
-6+1
1 3 6 8 9 14 17 21 24 30 33 34 36 38 39 43 44 47 48 49
9 20
0-0-0+0-0
-0-0-0-0-
0-0-0-0-0
-0-0-0-0-
0-9-0-0-0
-0-0-0+5-
0-7-0-0-0
-0-0-5-0-
0-0-0+0-0
4 10 16 17 20 25 29 33 34 36 37 38 39 41 43 44 46 47 48 49
4 6
0-0-
-0-0
0+0-
-8-0
8 16 24 32 40 48
10 20
-4-2-6-2-3
1-3-4-1-6-
-7-9-6-0-8
7+2-4+0-3-
-6-4-9-0-5
2-4-3-2-9-
-8-3-0-5-8
6-5-6-2-5-
-9-6-2-0-6
3-5-5-9-4-
3 4 8 20 22 23 25 28 32 33 35 36 38 41 42 43 44 46 47 50
5 20
1-8-7
-0-4-
1-1-7
-3-2-
0-7+6
2 3 5 7 12 17 21 25 26 28 30 31 32 33 39 43 44 45 46 50
7 20
0+0-0-0
-0-0-0-
8-0-0-0
-8+0-0-
0-0-9-0
-0-9-8-
0-0-0-0
3 6 7 9 11 19 20 26 28 30 32 34 35 38 40 42 43 44 45 50
5 20
2+1-2
+3-4+
5+2+1
-4-0-
9+5+1
6 7 14 20 21 23 24 28 31 32 33 34 37 38 39 42 44 45 47 48
9 20
-2-0-0-0-
0-5-0-0-0
-0-0-0-5-
0-0-0-0-0
-0-5-0-0-
9-0-4-0-0
-4-0-0+0-
7-0-7-4-0
-0-3-0-1-
7 15 17 18 20 22 24 27 28 29 32 39 41 42 43 44 45 46 49 50
7 5
-0-0+0-
0-9-0-0
-0-0-0-
0+0-9-0
-0-0+0-
0-0+0+0
-0-0-0-
9 18 27 36 45
10 20
5-0-4-7-4-
-4-8-1-5-5
9-3-9-6-5-
-2-8-8-2-4
0-9-7-0-9-
-8-2-4-0-8
1-1-2-2-9-
-9-6-3+1-9
1-0-7-8+3-
-4-0-4-1-7
1 2 8 13 14 19 22 25 28 34 35 38 39 40 41 44 45 46 47 49
5 20
7-9-2
-6-5-
2+2+3
-7-3-
5-7-6
1 3 4 16 20 21 22 23 28 34 35 36 39 42 43 44 45 46 49 50
3 20
-8-
9-1
-7+
8 9 13 18 22 24 26 32 33 38 39 40 41 42 43 44 45 46 47 50
8 20
4-3-3-6-
-0-4-2-6
8-3-3-9-
+7-8-0-5
9-3-9-6+
-9-6-2-3
6-8+4-4-
-4-7-2-8
3 4 9 10 12 14 18 22 23 26 30 32 34 39 45 46 47 48 49 50
4 20
3-3+
+8-9
4-2-
-5+7
4 10 14 15 18 21 24 26 27 33 34 35 36 37 41 45 46 47 49 50
4 20
9+7+
-3-3
4-1-
-6-3
2 3 5 9 10 15 17 24 28 29 30 35 38 40 42 43 46 47 48 49
2 8
0-
+6
6 12 18 24 30 36 42 48
10 20
-0-4-1-8-7
5-2-6-0-3-
-1-3-2-4-8
4-1-2+0-0-
-8-2-0+4-5
1-6-9-7-6-
-0-2-7-8-4
2-2-9-6-2-
-5-2+7-7+2
5-4-5-6-3-
9 10 11 12 13 14 16 18 19 27 33 35 37 39 40 42 43 44 46 49
2 20
1-
+8
5 7 10 11 12 13 18 24 25 32 34 36 37 38 41 42 44 45 46 48
2 12
4+
-8
4 8 12 16 20 24 28 32 36 40 44 48
5 20
2-6-0
-8-7-
5-5-5
-5-2-
3-2+5
2 7 8 10 13 21 24 25 26 30 31 32 37 41 43 44 45 46 48 49
2 6
0-
+8
8 16 24 32 40 48
10 20
0-9-0-0-0-
-0-0-0-0-0
0+0-0-0+0-
-0-0-0-7-0
0-0+0+0-0-
-9-0-0-0-0
0-3-0-0-7-
-3-0-0-0-0
0-0-0-0-6-
-0-0+0-0-0
2 3 5 6 8 14 17 21 27 29 31 33 36 38 40 42 45 47 48 50
