10
20 1 2 3 4 5 6 7 8 9 10 11 12 13 14 15 16 17 18 19 20
20 120 266 858 1243 1657 1771 2328 2490 2665 2894 3117 4210 4454 4943 5690 6170 7048 7125 9512 9600
20 18183 48580 51438 59735 85295 84414 32878 28302 76803 20388 24500 53656 71608 67463 58765 42968 72256 4181 48440 56599
20 60464 88633 29197 75353 1886 11000 60090 56968 28032 63602 70019 76108 60553 7930 12817 21373 59411 75336 41046 55068
20 424 4348 3674 800 3216 2512 45312 3782 22811 4530 2258 3186 4936 2090 1522 2550 2492 2066 104 822
20 41571 96296 65634 15860 43202 59780 79796 63410 2855 76983 73110 34921 634 66362 60160 80466 51411 57736 74706 61779
20 70350 52605 48126 7646 42146 89299 4945 87091 38711 97112 2746 1060 22327 80283 77990 69194 3623 26812 8576 34313
20 42354 68406 72454 29731 25957 59464 58804 90484 95843 53417 13524 71278 63494 10812 59082 30459 70160 36965 65999 70377
20 2582 1262 974 305 1340 3012 3794 4408 550 3180 2276 45612 1116 2562 4254 1100 4514 534 4602 3552
20 4154 824 4860 763 1404 3155 4165 1189 1831 1096 1255 44173 4270 2903 4131 1646 3682 2427 111 307
