99
2525 1
2400 5
300 2
120 60
60 90
53017588 1
24609874 4496
489007178 1
183024514 5968
973989209 1
386482130 8864
697680055 1
327939152 5829
714887238 1
662794410 850
1000000000 1
999999999 1
814782678 1
642478296 939
152961577 1
7380450 5318
798811032 1
278100436 3813
105866213 1
14388414 6066
405105279 1
250866019 4764
706305320 1
511837693 2040
976855434 1
878338894 4705
139544137 1
122074163 4578
251786657 1
185395437 6874
786233966 1
138060429 5642
343712388 1
98499717 90
396648039 1
3722691 6353
263838053 1
158973095 3319
686767768 1
325406540 1735
903739304 1
445942904 6976
568762074 1
402451407 626
1000000000 2
999999997 3
999999998 2
815388379 1
164879889 4861
88337775 1
17504465 8437
451632446 1
217451363 4002
352382602 1
22244935 7650
438827402 1
165625495 2584
859140549 1
719219660 29
579106401 1
166414909 1984
408970723 1
118000141 8689
639874230 1
465262039 6843
1000000000 2
999999999 2
999999998 3
153780059 1
104623932 5464
645541595 1
246484874 9092
486529958 1
79159087 7086
521432581 1
155118192 7567
1000000000 2
999999997 2
999999996 3
2 1
1 1
1000000000 2
200 10000
100 10000
24830249 1
8786344 2144
355919025 1
17766516 1000
1000000000 2
999000000 1
998000000 1
1000000000 1
1 1
317243912 1
293194346 6629
797183059 1
374440774 770
200000 2
5001 1
5000 10
235853180 1
45157413 5264
834974984 2
585798023 6407
821145227 1861
669084966 1
369916846 1688
1000000000 2
1 3
2 2
766272560 2
681754275 7065
405507089 1373
752470071 1
99933553 8626
308982386 1
269885763 2886
318170975 1
18222102 891
289405696 1
267365767 996
399355447 1
362463004 5308
84387952 1
41241258 4647
777109720 1
160181462 5611
857701757 1
787312170 7463
180271961 1
4170960 227
218033025 1
39936264 6152
42222165 1
21676131 2195
707366320 1
229531693 6110
756642257 1
87073319 8049
507185898 1
87498768 4538
429036253 1
219217109 1036
357180242 1
291012636 7305
1000000000 2
12345676 2
12345675 3
518155902 1
135978288 4091
887248486 1
578159904 4793
955882866 1
802241550 4402
223216743 1
104841373 5559
758274325 1
564579420 6973
1000000000 1
999999999 10000
951114861 1
4950927 6680
1000000000 2
999000000 10000
998000000 10000
752677741 1
195014361 6596
116361348 1
64761226 6404
2 1
1 10000
708113471 1
703887998 9975
284052827 1
53042167 1715
59028076 1
26691261 4653
389273452 1
384711168 8007
17947710 1
12649036 661
498446666 1
46582464 3391
892596144 1
222375860 7531
34146242 1
29348026 5644
127123890 1
88795968 7917
893594431 1
603988811 2713
38520774 1
10494012 2834
225532985 1
105497964 5527
799431443 1
79827348 6615
907372435 1
777357609 2997
705715368 1
244677103 2961
1000000000 1
1 10000
901937767 1
282557875 6934
