99
2525 1
2400 5
300 2
120 60
60 90
332239691 1
39506941 1540
765929048 1
410974272 8089
180385979 1
95230349 8300
1000000000 2
999999998 3
999999999 2
580614308 1
334822064 3434
177575860 1
19693032 9903
759424694 1
663180587 8594
159057157 1
7375752 6031
439958065 1
311882104 248
517707703 1
395813247 6689
232090796 1
10983442 6573
213244376 1
138729615 429
816212190 1
340120044 752
78434778 1
65718801 1833
220748228 1
184958890 8499
905762820 1
185165005 1738
866778872 1
119101017 8138
169398649 1
79014377 953
203999112 1
180466917 7593
498681363 1
472946607 7954
1000000000 2
998000000 1
999000000 1
507344197 1
254062662 2835
225392118 1
71586132 1772
528070589 1
173515999 6995
542863490 1
40948796 8418
363680714 1
245727501 7595
1000000000 1
999999999 1
998758094 1
642221053 7131
175926127 1
82095883 7661
1000000000 2
12345675 3
12345676 2
788333520 1
315317435 1749
634616606 1
578493108 4445
615832424 1
229445057 4169
587836801 1
6206373 4509
274043452 1
89958076 5062
852575593 1
788794840 6294
394626016 1
331837885 7454
917392448 2
843486336 8299
14546039 6709
1000000000 2
999999997 3
999999998 2
209248065 1
138730672 9319
661465408 1
452501847 4239
676397796 1
305462100 684
468249778 1
62460869 1940
638371472 1
395212434 4390
786515633 1
534714265 6341
963104745 2
954767691 4451
910658009 2489
97067166 1
86222493 8298
432771815 1
17177731 9078
217862364 1
73429164 7842
2 1
1 10000
587041405 1
565637003 3892
138172174 1
117323890 601
766257748 1
700092550 3198
840019790 1
117074774 3311
1000000000 2
2 2
1 3
141724352 1
115883025 5240
417750482 1
99256003 113
576566332 1
281293982 4821
2 1
1 1
53420299 1
8300737 5513
292779573 1
235607930 8734
758491885 1
711485045 7691
558180929 1
402606350 5855
399573741 1
337821656 1276
633568642 1
535722412 7678
352546952 1
169050400 3763
422826134 1
314691839 2324
868389539 1
27666141 5622
948374164 1
905393026 4369
874776775 1
823460688 7157
1000000000 1
1 1
980729449 1
626143488 7232
244419210 1
188814955 9223
786584836 1
405061829 3126
857210042 1
536608299 1178
125091772 1
92966881 8551
1000000000 2
998000000 10000
999000000 10000
571821516 1
314026049 8523
708896122 1
246433672 479
47557966 1
37095813 9485
200000 2
5000 3
5001 1
1000000000 1
999999999 10000
428262005 1
12343431 7648
1000000000 2
100 10000
200 10000
940288905 1
887324257 5710
1000000000 2
999999996 3
999999997 2
658882489 1
545280969 794
483400851 1
292235675 4864
830394509 1
750624374 7622
74931124 1
28589784 4770
107288808 1
9524186 4766
700863395 1
365658544 7086
966492591 1
291199615 4222
216493851 1
100564277 6828
694012170 1
436400922 4783
1000000000 1
1 10000
577126575 1
470719980 2014
