99
6 2 0 2 0 2 0
3 1 0 2 0 0 0
108 18 0 53 0 37 0
1000 334 0 333 0 333 0
148 47 0 63 0 38 0
5 2 0 3 0 0 0
355 123 0 88 0 144 0
953 776 0 83 0 94 0
682 274 0 196 0 212 0
6 2 0 1 0 3 0
3 0 0 3 0 0 0
974 349 0 321 0 304 0
999 500 0 249 0 250 0
169 60 0 37 0 72 0
70 0 0 15 0 55 0
999 333 0 333 0 333 0
671 316 0 194 0 161 0
881 439 0 178 0 264 0
540 83 0 234 0 223 0
318 92 0 101 0 125 0
328 37 0 133 0 158 0
865 29 0 424 0 412 0
277 126 0 24 0 127 0
3 1 0 0 0 2 0
599 518 0 59 0 22 0
5 1 0 1 0 3 0
933 394 0 183 0 356 0
421 207 0 123 0 91 0
1000 500 0 1 0 499 0
4 2 0 2 0 0 0
6 3 0 3 0 0 0
694 189 0 239 0 266 0
465 219 0 65 0 181 0
1000 500 0 0 0 500 0
7 2 0 3 0 2 0
312 19 0 141 0 152 0
681 349 0 272 0 60 0
534 165 0 203 0 166 0
763 212 0 366 0 185 0
162 51 0 81 0 30 0
968 603 0 57 0 308 0
615 284 0 179 0 152 0
4 1 0 2 0 1 0
789 225 0 171 0 393 0
609 304 0 94 0 211 0
273 136 0 93 0 44 0
664 237 0 199 0 228 0
967 433 0 321 0 213 0
391 45 0 155 0 191 0
54 2 0 50 0 2 0
878 194 0 282 0 402 0
125 37 0 37 0 51 0
350 128 0 169 0 53 0
538 165 0 159 0 214 0
535 236 0 40 0 259 0
4 1 0 1 0 2 0
141 66 0 8 0 67 0
808 199 0 248 0 361 0
398 185 0 145 0 68 0
4 0 0 3 0 1 0
945 425 0 307 0 213 0
5 2 0 2 0 1 0
984 357 0 239 0 388 0
807 391 0 19 0 397 0
3 1 0 1 0 1 0
291 0 0 217 0 74 0
954 389 0 470 0 95 0
921 297 0 442 0 182 0
999 0 0 499 0 500 0
513 123 0 242 0 148 0
732 277 0 154 0 301 0
417 195 0 133 0 89 0
547 272 0 68 0 207 0
334 74 0 157 0 103 0
589 114 0 261 0 214 0
999 499 0 499 0 1 0
697 224 0 220 0 253 0
626 125 0 280 0 221 0
383 189 0 31 0 163 0
786 265 0 351 0 170 0
831 382 0 402 0 47 0
999 250 0 499 0 250 0
789 34 0 59 0 696 0
582 16 0 279 0 287 0
44 7 0 16 0 21 0
585 152 0 191 0 242 0
1000 0 0 499 0 501 0
835 166 0 313 0 356 0
4 2 0 1 0 1 0
791 338 0 133 0 320 0
906 445 0 156 0 305 0
137 61 0 13 0 63 0
4 0 0 2 0 2 0
396 170 0 39 0 187 0
993 567 0 94 0 332 0
634 60 0 31 0 543 0
69 32 0 14 0 23 0
973 417 0 323 0 233 0
1000 500 0 250 0 250 0
